# Units: length:mm angle:deg time:s strain:% force:N 
# Stage: Stufe 893
stage;index;relative_time;date
"Stufe 893";893;222.5519;"2024-01-29T11:39:57.995"
# Name : Cetex-0°-1_Origin
force;untransformed;transformed
14693.3647;14693.3647;14693.3647
# Name : Flächenkomponente 1
id;x;y;z
0;20.8226;149.3295;-0.2320
1;21.4561;147.9363;-0.2417
2;21.4512;146.3649;-0.2267
3;21.4505;144.7947;-0.2290
4;21.4481;143.2232;-0.2218
5;21.4476;141.6534;-0.2231
6;21.4466;140.0814;-0.2230
7;21.4439;138.5099;-0.2174
8;21.4433;136.9376;-0.2146
9;21.4418;135.3677;-0.2119
10;21.4404;133.7969;-0.2048
11;21.4389;132.2264;-0.2021
12;21.4391;130.6559;-0.1970
13;21.4387;129.0858;-0.2038
14;21.4382;127.5168;-0.2027
15;21.4375;125.9458;-0.1954
16;21.4368;124.3743;-0.1950
17;21.4368;122.8019;-0.1972
18;21.4356;121.2288;-0.1916
19;21.4362;119.6617;-0.1910
20;21.4365;118.0871;-0.1841
21;21.4348;116.5147;-0.1868
22;21.4363;114.9454;-0.1836
23;21.4360;113.3733;-0.1748
24;21.4383;111.8036;-0.1672
25;21.4383;110.2323;-0.1743
26;21.4391;108.6617;-0.1704
27;21.4400;107.0902;-0.1743
28;21.4398;105.5190;-0.1648
29;21.4428;103.9470;-0.1657
30;21.4445;102.3769;-0.1586
31;21.4456;100.8050;-0.1588
32;21.4480;99.2313;-0.1554
33;21.4496;97.6587;-0.1526
34;21.4498;96.0880;-0.1490
35;21.4526;94.5167;-0.1495
36;21.4553;92.9463;-0.1478
37;21.4575;91.3751;-0.1430
38;21.4602;89.8033;-0.1400
39;21.4621;88.2320;-0.1297
40;21.4645;86.6593;-0.1293
41;21.4665;85.0885;-0.1258
42;21.4721;83.5152;-0.1274
43;21.4735;81.9447;-0.1179
44;21.4776;80.3718;-0.1196
45;21.4801;78.7991;-0.1156
46;21.4849;77.2277;-0.1179
47;21.4891;75.6560;-0.1132
48;21.4931;74.0843;-0.1162
49;21.4956;72.5142;-0.1066
50;21.4989;70.9427;-0.1020
51;21.5022;69.3705;-0.1001
52;21.5065;67.7995;-0.1022
53;21.5100;66.2275;-0.0964
54;21.5144;64.6552;-0.0923
55;21.5190;63.0851;-0.0871
56;21.5217;61.5114;-0.0772
57;21.5271;59.9379;-0.0824
58;21.5314;58.3672;-0.0795
59;21.5362;56.7959;-0.0734
60;21.5422;55.2231;-0.0808
61;21.5480;53.6517;-0.0807
62;21.5516;52.0810;-0.0730
63;21.5563;50.5088;-0.0686
64;21.5608;48.9377;-0.0633
65;21.5675;47.3654;-0.0658
66;21.5722;45.7918;-0.0641
67;21.5774;44.2223;-0.0588
68;21.5834;42.6480;-0.0543
69;21.5878;41.0781;-0.0464
70;21.5963;39.5034;-0.0557
71;21.6002;37.9330;-0.0469
72;21.6074;36.3614;-0.0502
73;21.6130;34.7892;-0.0433
74;21.6185;33.2178;-0.0385
75;21.6279;31.6445;-0.0510
76;21.6317;30.0743;-0.0385
77;21.6404;28.5025;-0.0390
78;21.6480;26.9298;-0.0425
79;21.6557;25.3606;-0.0400
80;21.6608;23.7908;-0.0281
81;21.6693;22.2158;-0.0268
82;21.6766;20.6431;-0.0222
83;21.6839;19.0740;-0.0228
84;21.6914;17.5021;-0.0129
85;21.6998;15.9281;-0.0170
86;21.7079;14.3579;-0.0135
87;21.7153;12.7871;-0.0056
88;21.7257;11.2151;-0.0137
89;21.7319;9.6454;-0.0042
90;21.7399;8.0737;-0.0005
91;21.7484;6.5025;-0.0029
92;21.7575;4.9323;-0.0032
93;21.7699;3.3575;-0.0148
94;21.4161;1.8850;-0.0031
95;19.9349;1.6690;-0.0025
96;18.3433;1.6467;-0.0141
97;16.7546;1.6342;-0.0164
98;15.1596;1.6207;-0.0230
99;13.5723;1.5954;-0.0223
100;11.9784;1.5808;-0.0325
101;10.3937;1.5511;-0.0156
102;8.8063;1.5299;-0.0390
103;7.2288;1.5142;-0.0579
104;5.6419;1.4741;-0.0683
105;4.0606;1.4456;-0.0711
106;2.4788;1.4304;-0.0684
107;0.8978;1.4106;-0.0788
108;0.1357;2.3040;-0.0886
109;0.1291;3.8721;-0.0880
110;0.1222;5.4395;-0.0847
111;0.1148;7.0057;-0.0869
112;0.1093;8.5699;-0.0940
113;0.1045;10.1367;-0.0968
114;0.0981;11.7023;-0.0886
115;0.0919;13.2685;-0.0877
116;0.0855;14.8345;-0.0852
117;0.0785;16.4010;-0.0763
118;0.0756;17.9692;-0.0813
119;0.0672;19.5374;-0.0768
120;0.0626;21.1023;-0.0793
121;0.0560;22.6681;-0.0796
122;0.0524;24.2322;-0.0902
123;0.0488;25.7999;-0.0847
124;0.0430;27.3657;-0.0842
125;0.0361;28.9319;-0.0869
126;0.0285;30.4978;-0.0728
127;0.0253;32.0641;-0.0738
128;0.0231;33.6304;-0.0797
129;0.0179;35.1970;-0.0781
130;0.0128;36.7650;-0.0793
131;0.0092;38.3283;-0.0778
132;0.0059;39.8949;-0.0736
133;0.0040;41.4607;-0.0803
134;-0.0003;43.0263;-0.0741
135;-0.0041;44.5914;-0.0747
136;-0.0061;46.1585;-0.0805
137;-0.0092;47.7249;-0.0760
138;-0.0125;49.2912;-0.0732
139;-0.0164;50.8585;-0.0724
140;-0.0206;52.4246;-0.0678
141;-0.0219;53.9897;-0.0709
142;-0.0252;55.5560;-0.0720
143;-0.0272;57.1213;-0.0706
144;-0.0286;58.6867;-0.0781
145;-0.0311;60.2517;-0.0717
146;-0.0330;61.8170;-0.0659
147;-0.0355;63.3835;-0.0662
148;-0.0405;64.9486;-0.0699
149;-0.0409;66.5157;-0.0695
150;-0.0419;68.0807;-0.0753
151;-0.0435;69.6479;-0.0728
152;-0.0443;71.2123;-0.0693
153;-0.0464;72.7776;-0.0755
154;-0.0476;74.3417;-0.0750
155;-0.0458;75.9069;-0.0784
156;-0.0491;77.4725;-0.0732
157;-0.0515;79.0381;-0.0713
158;-0.0533;80.6037;-0.0712
159;-0.0508;82.1706;-0.0712
160;-0.0540;83.7359;-0.0678
161;-0.0537;85.3036;-0.0658
162;-0.0538;86.8690;-0.0626
163;-0.0547;88.4340;-0.0649
164;-0.0541;89.9978;-0.0653
165;-0.0549;91.5617;-0.0639
166;-0.0541;93.1252;-0.0602
167;-0.0527;94.6902;-0.0545
168;-0.0527;96.2558;-0.0654
169;-0.0508;97.8217;-0.0594
170;-0.0510;99.3877;-0.0578
171;-0.0506;100.9531;-0.0560
172;-0.0493;102.5170;-0.0562
173;-0.0459;104.0829;-0.0618
174;-0.0467;105.6467;-0.0516
175;-0.0461;107.2121;-0.0532
176;-0.0435;108.7748;-0.0515
177;-0.0423;110.3383;-0.0523
178;-0.0394;111.9033;-0.0506
179;-0.0395;113.4700;-0.0485
180;-0.0380;115.0361;-0.0462
181;-0.0354;116.5984;-0.0431
182;-0.0340;118.1641;-0.0445
183;-0.0305;119.7291;-0.0394
184;-0.0273;121.2948;-0.0432
185;-0.0252;122.8562;-0.0456
186;-0.0252;124.4216;-0.0340
187;-0.0216;125.9844;-0.0360
188;-0.0183;127.5500;-0.0414
189;-0.0154;129.1149;-0.0384
190;-0.0121;130.6789;-0.0414
191;-0.0089;132.2440;-0.0397
192;-0.0058;133.8089;-0.0317
193;-0.0029;135.3719;-0.0302
194;0.0008;136.9361;-0.0315
195;0.0050;138.5003;-0.0374
196;0.0089;140.0648;-0.0367
197;0.0140;141.6294;-0.0324
198;0.0179;143.1928;-0.0345
199;0.0209;144.7565;-0.0346
200;0.0241;146.3214;-0.0286
201;0.0313;147.8881;-0.0382
202;0.1713;149.4164;-0.0414
203;1.7375;149.4373;-0.0633
204;3.3190;149.4246;-0.0702
205;4.9053;149.4132;-0.0912
206;6.4919;149.4013;-0.1005
207;8.0777;149.3893;-0.1160
208;9.6688;149.3805;-0.1332
209;11.2562;149.3712;-0.1473
210;12.8497;149.3608;-0.1661
211;14.4420;149.3540;-0.1762
212;16.0366;149.3494;-0.1948
213;17.6287;149.3413;-0.2015
214;19.2259;149.3353;-0.2166
215;1.1341;147.9350;-0.0472
216;2.5637;148.0189;-0.0660
217;4.0826;148.0101;-0.0793
218;5.6382;148.0084;-0.0912
219;7.2125;148.0095;-0.1071
220;8.7972;148.0101;-0.1247
221;10.3859;148.0135;-0.1425
222;11.9731;148.0171;-0.1505
223;13.5668;148.0218;-0.1727
224;15.1556;148.0279;-0.1853
225;16.7354;148.0366;-0.1964
226;18.3033;148.0546;-0.2076
227;19.8526;148.1164;-0.2219
228;1.7175;146.6054;-0.0493
229;3.2741;146.6047;-0.0715
230;4.8262;146.6106;-0.0826
231;6.3936;146.6205;-0.0992
232;7.9719;146.6310;-0.1098
233;9.5570;146.6452;-0.1398
234;11.1447;146.6574;-0.1410
235;12.7347;146.6735;-0.1576
236;14.3248;146.6888;-0.1762
237;15.9054;146.7015;-0.1870
238;17.4629;146.7189;-0.2062
239;18.9569;146.7474;-0.2094
240;20.2898;146.8859;-0.2194
241;1.2120;145.2856;-0.0451
242;2.5701;145.1980;-0.0520
243;4.0628;145.2102;-0.0715
244;5.6080;145.2312;-0.0856
245;7.1788;145.2525;-0.1073
246;8.7583;145.2714;-0.1188
247;10.3459;145.2914;-0.1361
248;11.9356;145.3117;-0.1511
249;13.5242;145.3326;-0.1634
250;15.1123;145.3534;-0.1731
251;16.6966;145.3749;-0.1864
252;18.2830;145.4002;-0.2067
253;19.9002;145.4657;-0.2135
254;1.6017;143.8400;-0.0498
255;3.2304;143.8218;-0.0676
256;4.8128;143.8467;-0.0774
257;6.3891;143.8723;-0.0906
258;7.9701;143.8970;-0.1134
259;9.5563;143.9206;-0.1260
260;11.1455;143.9452;-0.1431
261;12.7332;143.9707;-0.1557
262;14.3230;143.9965;-0.1742
263;15.9056;144.0217;-0.1894
264;17.4673;144.0492;-0.1991
265;18.9796;144.0697;-0.2038
266;20.3170;144.0849;-0.2121
267;1.1512;142.4091;-0.0481
268;2.5220;142.4436;-0.0606
269;4.0494;142.4704;-0.0757
270;5.6131;142.4970;-0.0904
271;7.1885;142.5232;-0.1004
272;8.7711;142.5493;-0.1082
273;10.3585;142.5752;-0.1302
274;11.9454;142.6026;-0.1391
275;13.5366;142.6312;-0.1617
276;15.1237;142.6597;-0.1778
277;16.7017;142.6884;-0.1853
278;18.2740;142.7179;-0.1928
279;19.8850;142.6728;-0.2114
280;1.6051;141.0149;-0.0499
281;3.2356;141.0966;-0.0693
282;4.8236;141.1254;-0.0770
283;6.4050;141.1522;-0.0990
284;7.9890;141.1796;-0.1105
285;9.5733;141.2068;-0.1226
286;11.1600;141.2344;-0.1334
287;12.7496;141.2632;-0.1571
288;14.3359;141.2902;-0.1637
289;15.9119;141.3197;-0.1836
290;17.4536;141.3519;-0.1900
291;18.9273;141.3755;-0.2043
292;20.2694;141.2266;-0.2174
293;1.2052;139.5634;-0.0414
294;2.5717;139.7113;-0.0542
295;4.0780;139.7555;-0.0730
296;5.6317;139.7837;-0.0849
297;7.2071;139.8085;-0.0982
298;8.7893;139.8376;-0.1213
299;10.3750;139.8655;-0.1313
300;11.9626;139.8914;-0.1414
301;13.5521;139.9206;-0.1626
302;15.1351;139.9482;-0.1754
303;16.6976;139.9758;-0.1841
304;18.2255;140.0042;-0.1995
305;19.7282;140.0351;-0.2101
306;1.7104;138.2990;-0.0482
307;3.2863;138.3743;-0.0606
308;4.8510;138.4120;-0.0796
309;6.4237;138.4386;-0.0902
310;8.0038;138.4672;-0.1075
311;9.5887;138.4937;-0.1215
312;11.1769;138.5208;-0.1334
313;12.7649;138.5489;-0.1462
314;14.3516;138.5765;-0.1632
315;15.9239;138.6007;-0.1727
316;17.4606;138.6252;-0.1809
317;18.9303;138.6615;-0.2095
318;20.2673;138.8761;-0.2143
319;1.0563;136.9648;-0.0444
320;2.5492;137.0039;-0.0568
321;4.0842;137.0391;-0.0724
322;5.6439;137.0685;-0.0770
323;7.2209;137.0965;-0.0925
324;8.8036;137.1243;-0.1161
325;10.3894;137.1502;-0.1255
326;11.9790;137.1795;-0.1424
327;13.5661;137.2085;-0.1507
328;15.1504;137.2315;-0.1631
329;16.7266;137.2537;-0.1798
330;18.2937;137.2864;-0.1955
331;19.8905;137.4092;-0.2078
332;1.7084;135.6718;-0.0487
333;3.2941;135.6714;-0.0656
334;4.8628;135.6995;-0.0762
335;6.4370;135.7278;-0.0863
336;8.0198;135.7559;-0.1061
337;9.6026;135.7818;-0.1128
338;11.1920;135.8090;-0.1335
339;12.7800;135.8366;-0.1490
340;14.3676;135.8636;-0.1593
341;15.9454;135.8853;-0.1697
342;17.5010;135.9144;-0.1839
343;18.9999;135.9637;-0.1938
344;20.3189;136.0112;-0.2076
345;1.1966;134.3879;-0.0399
346;2.5789;134.3033;-0.0615
347;4.0979;134.3276;-0.0719
348;5.6577;134.3572;-0.0819
349;7.2346;134.3865;-0.0958
350;8.8167;134.4124;-0.1069
351;10.4043;134.4400;-0.1237
352;11.9929;134.4667;-0.1350
353;13.5813;134.4922;-0.1446
354;15.1690;134.5205;-0.1621
355;16.7475;134.5474;-0.1775
356;18.3186;134.5831;-0.1783
357;19.9199;134.6050;-0.2006
358;1.5991;132.9636;-0.0487
359;3.2570;132.9580;-0.0662
360;4.8590;132.9878;-0.0761
361;6.4466;133.0169;-0.0936
362;8.0325;133.0443;-0.1075
363;9.6185;133.0715;-0.1192
364;11.2052;133.0960;-0.1272
365;12.7957;133.1229;-0.1464
366;14.3822;133.1490;-0.1582
367;15.9579;133.1764;-0.1708
368;17.5025;133.2074;-0.1816
369;18.9788;133.2396;-0.1978
370;20.3004;133.1982;-0.2033
371;1.1489;131.5419;-0.0515
372;2.5395;131.5853;-0.0551
373;4.0884;131.6219;-0.0692
374;5.6652;131.6513;-0.0842
375;7.2479;131.6759;-0.0995
376;8.8327;131.7021;-0.1030
377;10.4185;131.7271;-0.1145
378;12.0090;131.7539;-0.1376
379;13.5973;131.7791;-0.1527
380;15.1813;131.8040;-0.1637
381;16.7482;131.8320;-0.1760
382;18.2889;131.8601;-0.1851
383;19.8168;131.8816;-0.1923
384;1.6160;130.1414;-0.0510
385;3.2695;130.2499;-0.0667
386;4.8719;130.2846;-0.0736
387;6.4604;130.3099;-0.0915
388;8.0463;130.3340;-0.1028
389;9.6345;130.3589;-0.1160
390;11.2221;130.3847;-0.1284
391;12.8120;130.4110;-0.1455
392;14.3968;130.4351;-0.1520
393;15.9713;130.4591;-0.1624
394;17.5156;130.4863;-0.1781
395;19.0057;130.5264;-0.1857
396;20.4299;130.5970;-0.1901
397;1.2098;128.6696;-0.0443
398;2.5952;128.8574;-0.0590
399;4.1193;128.9140;-0.0698
400;5.6857;128.9408;-0.0858
401;7.2632;128.9665;-0.0939
402;8.8472;128.9900;-0.1055
403;10.4349;129.0151;-0.1179
404;12.0248;129.0400;-0.1350
405;13.6134;129.0656;-0.1463
406;15.1943;129.0895;-0.1566
407;16.7591;129.1155;-0.1703
408;18.2944;129.1499;-0.1826
409;19.8160;129.2357;-0.1907
410;1.7247;127.4222;-0.0498
411;3.3214;127.5286;-0.0630
412;4.8987;127.5704;-0.0699
413;6.4798;127.5974;-0.0855
414;8.0630;127.6229;-0.1006
415;9.6506;127.6475;-0.1185
416;11.2389;127.6715;-0.1329
417;12.8268;127.6969;-0.1381
418;14.4114;127.7203;-0.1452
419;15.9835;127.7438;-0.1637
420;17.5215;127.7667;-0.1748
421;18.9844;127.8134;-0.1846
422;20.2898;127.9661;-0.1993
423;1.0509;126.0631;-0.0460
424;2.5743;126.1527;-0.0581
425;4.1278;126.1994;-0.0693
426;5.6995;126.2293;-0.0815
427;7.2806;126.2553;-0.0949
428;8.8642;126.2811;-0.1088
429;10.4497;126.3039;-0.1151
430;12.0399;126.3282;-0.1295
431;13.6288;126.3518;-0.1414
432;15.2136;126.3741;-0.1570
433;16.7839;126.3961;-0.1671
434;18.3451;126.4258;-0.1853
435;19.9194;126.5100;-0.1924
436;1.7262;124.8126;-0.0612
437;3.3320;124.8287;-0.0705
438;4.9133;124.8607;-0.0756
439;6.4956;124.8880;-0.0887
440;8.0802;124.9116;-0.1007
441;9.6654;124.9362;-0.1131
442;11.2543;124.9589;-0.1253
443;12.8428;124.9829;-0.1367
444;14.4313;125.0075;-0.1570
445;16.0036;125.0292;-0.1525
446;17.5519;125.0519;-0.1618
447;19.0409;125.0838;-0.1829
448;20.3534;125.1011;-0.1907
449;1.1635;123.5553;-0.0535
450;2.5952;123.4576;-0.0689
451;4.1401;123.4892;-0.0691
452;5.7123;123.5194;-0.0768
453;7.2951;123.5436;-0.0921
454;8.8816;123.5677;-0.1034
455;10.4692;123.5915;-0.1168
456;12.0557;123.6147;-0.1226
457;13.6461;123.6393;-0.1399
458;15.2311;123.6622;-0.1519
459;16.8021;123.6846;-0.1601
460;18.3617;123.7105;-0.1759
461;19.9327;123.6998;-0.1812
462;1.5990;122.1191;-0.0595
463;3.2978;122.1289;-0.0685
464;4.9118;122.1536;-0.0667
465;6.5067;122.1777;-0.0825
466;8.0944;122.2012;-0.0999
467;9.6817;122.2239;-0.1115
468;11.2705;122.2467;-0.1265
469;12.8585;122.2707;-0.1318
470;14.4448;122.2921;-0.1437
471;16.0164;122.3157;-0.1532
472;17.5521;122.3408;-0.1723
473;19.0068;122.3526;-0.1766
474;20.3031;122.2724;-0.1840
475;1.1790;120.6825;-0.0663
476;2.5998;120.7831;-0.0616
477;4.1497;120.7932;-0.0708
478;5.7278;120.8125;-0.0834
479;7.3105;120.8352;-0.0956
480;8.8958;120.8558;-0.1016
481;10.4838;120.8803;-0.1157
482;12.0746;120.9027;-0.1329
483;13.6613;120.9250;-0.1362
484;15.2408;120.9452;-0.1561
485;16.8027;120.9648;-0.1641
486;18.3263;120.9828;-0.1663
487;19.8364;120.9715;-0.1850
488;1.7282;119.4010;-0.0533
489;3.3459;119.4296;-0.0670
490;4.9394;119.4471;-0.0822
491;6.5255;119.4687;-0.0955
492;8.1120;119.4914;-0.1053
493;9.6982;119.5123;-0.1087
494;11.2881;119.5346;-0.1287
495;12.8768;119.5563;-0.1382
496;14.4610;119.5771;-0.1453
497;16.0317;119.5969;-0.1538
498;17.5644;119.6155;-0.1609
499;19.0367;119.6364;-0.1642
500;20.4446;119.6584;-0.1849
501;1.0562;118.1158;-0.0502
502;2.5948;118.0780;-0.0626
503;4.1632;118.0835;-0.0725
504;5.7410;118.1019;-0.0820
505;7.3270;118.1242;-0.0974
506;8.9135;118.1449;-0.1090
507;10.5005;118.1658;-0.1152
508;12.0902;118.1864;-0.1297
509;13.6774;118.2083;-0.1355
510;15.2590;118.2279;-0.1542
511;16.8161;118.2483;-0.1570
512;18.3402;118.2699;-0.1724
513;19.8438;118.3262;-0.1798
514;1.7418;116.7818;-0.0584
515;3.3625;116.7275;-0.0691
516;4.9537;116.7380;-0.0814
517;6.5400;116.7596;-0.0881
518;8.1277;116.7795;-0.0994
519;9.7159;116.7972;-0.1124
520;11.3044;116.8180;-0.1180
521;12.8913;116.8397;-0.1256
522;14.4764;116.8612;-0.1444
523;16.0474;116.8784;-0.1524
524;17.5776;116.8945;-0.1595
525;19.0271;116.9243;-0.1682
526;20.3169;117.0331;-0.1784
527;1.2150;115.5340;-0.0514
528;2.6335;115.3809;-0.0676
529;4.1793;115.3690;-0.0733
530;5.7579;115.3901;-0.0824
531;7.3418;115.4128;-0.0906
532;8.9285;115.4321;-0.0958
533;10.5196;115.4519;-0.1159
534;12.1064;115.4727;-0.1197
535;13.6945;115.4937;-0.1344
536;15.2776;115.5128;-0.1542
537;16.8458;115.5289;-0.1529
538;18.3951;115.5491;-0.1688
539;19.9523;115.6071;-0.1713
540;1.6347;114.0744;-0.0499
541;3.3283;114.0127;-0.0677
542;4.9524;114.0238;-0.0764
543;6.5515;114.0457;-0.0833
544;8.1408;114.0664;-0.0827
545;9.7308;114.0831;-0.1035
546;11.3232;114.1060;-0.1264
547;12.9102;114.1259;-0.1264
548;14.4947;114.1463;-0.1396
549;16.0664;114.1637;-0.1472
550;17.6050;114.1826;-0.1570
551;19.0728;114.1997;-0.1677
552;20.3632;114.2265;-0.1730
553;1.1638;112.6594;-0.0552
554;2.5914;112.6575;-0.0642
555;4.1680;112.6662;-0.0703
556;5.7644;112.6811;-0.0888
557;7.3562;112.7016;-0.0905
558;8.9467;112.7205;-0.0985
559;10.5376;112.7397;-0.1273
560;12.1260;112.7607;-0.1304
561;13.7114;112.7783;-0.1321
562;15.2927;112.7986;-0.1417
563;16.8588;112.8180;-0.1526
564;18.4022;112.8339;-0.1608
565;19.9524;112.8047;-0.1731
566;1.6203;111.2431;-0.0565
567;3.3322;111.3118;-0.0623
568;4.9645;111.3222;-0.0833
569;6.5664;111.3367;-0.0857
570;8.1605;111.3535;-0.0969
571;9.7486;111.3738;-0.1062
572;11.3395;111.3929;-0.1122
573;12.9270;111.4126;-0.1290
574;14.5111;111.4302;-0.1313
575;16.0773;111.4505;-0.1483
576;17.6033;111.4672;-0.1491
577;19.0435;111.4668;-0.1647
578;20.3167;111.3580;-0.1708
579;1.1750;109.7458;-0.0591
580;2.6465;109.9569;-0.0679
581;4.2073;109.9685;-0.0713
582;5.7911;109.9763;-0.0842
583;7.3775;109.9912;-0.0885
584;8.9651;110.0095;-0.0992
585;10.5525;110.0265;-0.1003
586;12.1430;110.0449;-0.1182
587;13.7281;110.0645;-0.1278
588;15.3081;110.0812;-0.1358
589;16.8621;110.0973;-0.1418
590;18.3782;110.1059;-0.1607
591;19.8675;110.0661;-0.1742
592;1.8243;108.6009;-0.0575
593;3.4343;108.6153;-0.0725
594;5.0165;108.6182;-0.0843
595;6.5989;108.6289;-0.0976
596;8.1824;108.6457;-0.0980
597;9.7709;108.6615;-0.1054
598;11.3580;108.6791;-0.1149
599;12.9460;108.6971;-0.1243
600;14.5292;108.7163;-0.1328
601;16.0959;108.7311;-0.1417
602;17.6248;108.7442;-0.1516
603;19.0832;108.7505;-0.1624
604;20.4666;108.7123;-0.1757
605;1.2694;107.4246;-0.0716
606;2.7531;107.2859;-0.0683
607;4.2762;107.2642;-0.0754
608;5.8323;107.2684;-0.0832
609;7.4055;107.2822;-0.0928
610;8.9884;107.2961;-0.1027
611;10.5733;107.3143;-0.1093
612;12.1610;107.3329;-0.1134
613;13.7479;107.3501;-0.1253
614;15.3269;107.3661;-0.1410
615;16.8815;107.3781;-0.1445
616;18.3957;107.3940;-0.1548
617;19.8817;107.4185;-0.1664
618;0.9953;106.0280;-0.0662
619;2.1771;105.9543;-0.0658
620;3.5806;105.9030;-0.0772
621;5.0844;105.9035;-0.0818
622;6.6354;105.9169;-0.0826
623;8.2081;105.9316;-0.0910
624;9.7898;105.9484;-0.1035
625;11.3784;105.9658;-0.1172
626;12.9642;105.9833;-0.1212
627;14.5471;105.9998;-0.1293
628;16.1150;106.0118;-0.1408
629;17.6405;106.0239;-0.1478
630;19.0809;106.0405;-0.1591
631;20.3557;106.1082;-0.1665
632;1.3479;104.5948;-0.0606
633;2.8189;104.5437;-0.0697
634;4.3268;104.5372;-0.0850
635;5.8652;104.5505;-0.0814
636;7.4304;104.5670;-0.0861
637;9.0082;104.5846;-0.1002
638;10.5917;104.6013;-0.1064
639;12.1804;104.6181;-0.1186
640;13.7665;104.6356;-0.1207
641;15.3476;104.6487;-0.1328
642;16.9136;104.6625;-0.1448
643;18.4533;104.6746;-0.1553
644;19.9965;104.7119;-0.1617
645;0.9572;103.1828;-0.0617
646;2.1837;103.1775;-0.0682
647;3.6006;103.1724;-0.0744
648;5.1070;103.1841;-0.0770
649;6.6564;103.2021;-0.0824
650;8.2291;103.2191;-0.0964
651;9.8109;103.2360;-0.1062
652;11.3958;103.2531;-0.1090
653;12.9842;103.2688;-0.1212
654;14.5669;103.2846;-0.1319
655;16.1361;103.2986;-0.1327
656;17.6664;103.3152;-0.1457
657;19.1162;103.3205;-0.1496
658;20.3785;103.3183;-0.1603
659;1.3325;101.7967;-0.0627
660;2.8274;101.8037;-0.0731
661;4.3432;101.8204;-0.0789
662;5.8882;101.8354;-0.0888
663;7.4495;101.8521;-0.0892
664;9.0285;101.8695;-0.1005
665;10.6127;101.8858;-0.1067
666;12.1998;101.9045;-0.1137
667;13.7870;101.9200;-0.1251
668;15.3635;101.9347;-0.1361
669;16.9223;101.9504;-0.1417
670;18.4477;101.9663;-0.1497
671;19.9795;101.9096;-0.1601
672;0.9790;100.3910;-0.0650
673;2.2012;100.4236;-0.0683
674;3.6251;100.4561;-0.0720
675;5.1307;100.4729;-0.0814
676;6.6809;100.4893;-0.0907
677;8.2493;100.5043;-0.0994
678;9.8317;100.5220;-0.1024
679;11.4163;100.5383;-0.1063
680;13.0021;100.5545;-0.1136
681;14.5866;100.5671;-0.1306
682;16.1466;100.5815;-0.1428
683;17.6572;100.6003;-0.1444
684;19.0693;100.6129;-0.1522
685;20.3375;100.4557;-0.1588
686;1.3739;98.9930;-0.0692
687;2.8711;99.0892;-0.0730
688;4.3748;99.1070;-0.0791
689;5.9123;99.1210;-0.0823
690;7.4748;99.1394;-0.0909
691;9.0508;99.1561;-0.0975
692;10.6344;99.1731;-0.1138
693;12.2202;99.1868;-0.1141
694;13.8056;99.2025;-0.1218
695;15.3808;99.2153;-0.1295
696;16.9253;99.2278;-0.1380
697;18.4078;99.2446;-0.1463
698;19.8408;99.2598;-0.1513
699;1.0240;97.5348;-0.0629
700;2.2752;97.7262;-0.0720
701;3.6735;97.7439;-0.0824
702;5.1642;97.7587;-0.0877
703;6.7057;97.7778;-0.0896
704;8.2723;97.7930;-0.0941
705;9.8524;97.8084;-0.1019
706;11.4390;97.8225;-0.1154
707;13.0216;97.8357;-0.1152
708;14.6055;97.8512;-0.1234
709;16.1672;97.8614;-0.1327
710;17.6743;97.8705;-0.1398
711;19.0819;97.8927;-0.1477
712;20.3429;98.0655;-0.1502
713;1.5280;96.3788;-0.0677
714;2.9429;96.3711;-0.0717
715;4.4133;96.3888;-0.0775
716;5.9405;96.4101;-0.0884
717;7.4974;96.4276;-0.0938
718;9.0702;96.4439;-0.0874
719;10.6528;96.4585;-0.1018
720;12.2403;96.4728;-0.1111
721;13.8264;96.4875;-0.1182
722;15.4046;96.4958;-0.1253
723;16.9601;96.5038;-0.1332
724;18.4836;96.5239;-0.1433
725;20.0010;96.6189;-0.1481
726;0.9874;95.2477;-0.0644
727;2.2600;95.0150;-0.0713
728;3.6789;95.0190;-0.0755
729;5.1794;95.0412;-0.0877
730;6.7230;95.0603;-0.0904
731;8.2909;95.0785;-0.0944
732;9.8706;95.0941;-0.1025
733;11.4553;95.1078;-0.1082
734;13.0442;95.1229;-0.1206
735;14.6272;95.1365;-0.1188
736;16.1937;95.1441;-0.1261
737;17.7198;95.1569;-0.1355
738;19.1625;95.1900;-0.1436
739;20.4113;95.2450;-0.1524
740;1.3539;93.7402;-0.0641
741;2.8804;93.6666;-0.0668
742;4.4037;93.6774;-0.0828
743;5.9479;93.6952;-0.0846
744;7.5127;93.7133;-0.0906
745;9.0892;93.7291;-0.0993
746;10.6730;93.7433;-0.0973
747;12.2604;93.7578;-0.1077
748;13.8466;93.7711;-0.1128
749;15.4240;93.7835;-0.1221
750;16.9870;93.7946;-0.1320
751;18.5166;93.8154;-0.1356
752;20.0364;93.8281;-0.1483
753;0.9690;92.3545;-0.0577
754;2.2201;92.3216;-0.0616
755;3.6637;92.3209;-0.0618
756;5.1844;92.3320;-0.0832
757;6.7384;92.3494;-0.0896
758;8.3099;92.3643;-0.0884
759;9.8916;92.3797;-0.1005
760;11.4762;92.3947;-0.1021
761;13.0653;92.4084;-0.1067
762;14.6469;92.4206;-0.1189
763;16.2093;92.4324;-0.1190
764;17.7286;92.4475;-0.1285
765;19.1467;92.4629;-0.1359
766;20.3876;92.4163;-0.1406
767;1.3684;90.9325;-0.0662
768;2.8908;90.9621;-0.0739
769;4.4171;90.9734;-0.0823
770;5.9643;90.9879;-0.0914
771;7.5320;91.0017;-0.0905
772;9.1094;91.0154;-0.0916
773;10.6938;91.0305;-0.1004
774;12.2800;91.0430;-0.1025
775;13.8664;91.0559;-0.1120
776;15.4421;91.0681;-0.1202
777;16.9911;91.0797;-0.1270
778;18.4872;91.0933;-0.1285
779;19.9452;91.0939;-0.1404
780;1.0199;89.5077;-0.0629
781;2.2728;89.5941;-0.0690
782;3.6996;89.6139;-0.0731
783;5.2087;89.6241;-0.0827
784;6.7595;89.6402;-0.0837
785;8.3299;89.6535;-0.0903
786;9.9139;89.6673;-0.1000
787;11.4978;89.6792;-0.0992
788;13.0850;89.6924;-0.1146
789;14.6656;89.7042;-0.1125
790;16.2281;89.7151;-0.1241
791;17.7401;89.7260;-0.1270
792;19.1728;89.7518;-0.1307
793;20.5173;89.7846;-0.1411
794;1.4760;88.2057;-0.0644
795;2.9515;88.2462;-0.0788
796;4.4512;88.2618;-0.0774
797;5.9884;88.2766;-0.0806
798;7.5540;88.2914;-0.0876
799;9.1314;88.3049;-0.0968
800;10.7155;88.3168;-0.0997
801;12.3020;88.3277;-0.1032
802;13.8868;88.3394;-0.1100
803;15.4622;88.3508;-0.1148
804;17.0098;88.3592;-0.1262
805;18.4976;88.3779;-0.1270
806;19.9454;88.4477;-0.1350
807;0.8995;86.8782;-0.0664
808;2.2660;86.8875;-0.0758
809;3.7165;86.8995;-0.0814
810;5.2273;86.9133;-0.0729
811;6.7799;86.9281;-0.0816
812;8.3531;86.9432;-0.0957
813;9.9328;86.9533;-0.0995
814;11.5163;86.9661;-0.1009
815;13.1042;86.9770;-0.1118
816;14.6869;86.9867;-0.1094
817;16.2505;86.9958;-0.1165
818;17.7618;87.0021;-0.1204
819;19.1753;87.0353;-0.1315
820;20.4006;87.1509;-0.1364
821;1.4852;85.5602;-0.0687
822;2.9656;85.5410;-0.0778
823;4.4721;85.5499;-0.0765
824;6.0116;85.5637;-0.0821
825;7.5759;85.5784;-0.0959
826;9.1549;85.5918;-0.1024
827;10.7383;85.6030;-0.1054
828;12.3227;85.6153;-0.1045
829;13.9092;85.6249;-0.1082
830;15.4873;85.6339;-0.1126
831;17.0430;85.6383;-0.1186
832;18.5633;85.6560;-0.1200
833;20.0646;85.7126;-0.1293
834;1.0314;84.2568;-0.0719
835;2.3017;84.1791;-0.0782
836;3.7394;84.1838;-0.0886
837;5.2513;84.1992;-0.0920
838;6.8028;84.2125;-0.0885
839;8.3734;84.2263;-0.0957
840;9.9542;84.2393;-0.0958
841;11.5415;84.2526;-0.1074
842;13.1273;84.2606;-0.1038
843;14.7104;84.2712;-0.1079
844;16.2759;84.2785;-0.1111
845;17.7945;84.2900;-0.1112
846;19.2185;84.3057;-0.1203
847;20.4522;84.3323;-0.1315
848;1.4000;82.8435;-0.0763
849;2.9393;82.8238;-0.0784
850;4.4738;82.8350;-0.0838
851;6.0271;82.8518;-0.0911
852;7.5955;82.8648;-0.0903
853;9.1730;82.8752;-0.0901
854;10.7578;82.8869;-0.0946
855;12.3451;82.8987;-0.1018
856;13.9306;82.9104;-0.1045
857;15.5104;82.9180;-0.1118
858;17.0639;82.9254;-0.1171
859;18.5802;82.9373;-0.1205
860;20.0722;82.9152;-0.1245
861;1.0010;81.4630;-0.0775
862;2.2807;81.4616;-0.0703
863;3.7382;81.4760;-0.0715
864;5.2635;81.4897;-0.0826
865;6.8224;81.5016;-0.0929
866;8.3932;81.5143;-0.0936
867;9.9755;81.5232;-0.0882
868;11.5622;81.5347;-0.0980
869;13.1505;81.5462;-0.1021
870;14.7301;81.5556;-0.1085
871;16.2925;81.5640;-0.1147
872;17.7994;81.5717;-0.1238
873;19.1986;81.5681;-0.1188
874;20.4177;81.4837;-0.1294
875;1.4202;80.0542;-0.0725
876;2.9610;80.1109;-0.0781
877;4.4961;80.1286;-0.0768
878;6.0478;80.1388;-0.0882
879;7.6156;80.1512;-0.0882
880;9.1952;80.1617;-0.0955
881;10.7808;80.1725;-0.0957
882;12.3684;80.1828;-0.1052
883;13.9545;80.1912;-0.1075
884;15.5272;80.2009;-0.1082
885;17.0698;80.2052;-0.1167
886;18.5498;80.2096;-0.1245
887;19.9883;80.1767;-0.1261
888;1.0608;78.6070;-0.0726
889;2.3347;78.7358;-0.0789
890;3.7753;78.7662;-0.0799
891;5.2926;78.7783;-0.0841
892;6.8454;78.7894;-0.0901
893;8.4168;78.7986;-0.0915
894;9.9993;78.8102;-0.0948
895;11.5846;78.8186;-0.0984
896;13.1722;78.8296;-0.1038
897;14.7532;78.8372;-0.1045
898;16.3124;78.8421;-0.1213
899;17.8177;78.8459;-0.1176
900;19.2320;78.8550;-0.1126
901;20.5573;78.8356;-0.1203
902;1.5228;77.3258;-0.0819
903;3.0177;77.3920;-0.0832
904;4.5311;77.4135;-0.0836
905;6.0737;77.4268;-0.0799
906;7.6400;77.4391;-0.0928
907;9.2172;77.4473;-0.0927
908;10.8025;77.4579;-0.0909
909;12.3892;77.4664;-0.1013
910;13.9757;77.4741;-0.0988
911;15.5499;77.4783;-0.1083
912;17.0916;77.4784;-0.1101
913;18.5661;77.4901;-0.1168
914;19.9959;77.5384;-0.1194
915;0.9272;75.9672;-0.0803
916;2.3198;76.0247;-0.0807
917;3.7896;76.0482;-0.0841
918;5.3124;76.0633;-0.0880
919;6.8682;76.0760;-0.0879
920;8.4392;76.0867;-0.0894
921;10.0214;76.0959;-0.0960
922;11.6074;76.1052;-0.1011
923;13.1934;76.1118;-0.0945
924;14.7770;76.1164;-0.1003
925;16.3418;76.1148;-0.1075
926;17.8519;76.1010;-0.1114
927;19.2432;76.1388;-0.1152
928;20.4918;76.2727;-0.1185
929;1.5241;74.6836;-0.0747
930;3.0277;74.6867;-0.0805
931;4.5476;74.7014;-0.0852
932;6.0967;74.7138;-0.0871
933;7.6620;74.7246;-0.0882
934;9.2422;74.7328;-0.0907
935;10.8250;74.7430;-0.0941
936;12.4130;74.7515;-0.0977
937;14.0008;74.7564;-0.0988
938;15.5872;74.7567;-0.1061
939;17.1659;74.7419;-0.1151
940;18.7220;74.7130;-0.1121
941;20.1882;74.8629;-0.1209
942;1.0551;73.3699;-0.0746
943;2.3540;73.3218;-0.0728
944;3.8080;73.3357;-0.0842
945;5.3312;73.3518;-0.0860
946;6.8894;73.3634;-0.0893
947;8.4616;73.3726;-0.0872
948;10.0447;73.3806;-0.0877
949;11.6302;73.3890;-0.0917
950;13.2198;73.3978;-0.0986
951;14.8128;73.4020;-0.1009
952;16.4183;73.4020;-0.1044
953;18.0555;73.3955;-0.1075
954;19.8037;73.3909;-0.1174
955;1.4387;71.9748;-0.0681
956;3.0061;71.9730;-0.0766
957;4.5550;71.9895;-0.0860
958;6.1123;72.0026;-0.0863
959;7.6822;72.0120;-0.0824
960;9.2626;72.0210;-0.0846
961;10.8480;72.0292;-0.0877
962;12.4363;72.0357;-0.0974
963;14.0275;72.0434;-0.1044
964;15.6198;72.0501;-0.1018
965;17.2117;72.0551;-0.1008
966;18.7895;72.0607;-0.1061
967;20.2484;71.9394;-0.1189
968;1.0502;70.5856;-0.0643
969;2.3404;70.6073;-0.0727
970;3.8153;70.6309;-0.0813
971;5.3493;70.6417;-0.0856
972;6.9101;70.6530;-0.0869
973;8.4850;70.6608;-0.0923
974;10.0682;70.6684;-0.0933
975;11.6529;70.6762;-0.0856
976;13.2439;70.6825;-0.0985
977;14.8368;70.6894;-0.1042
978;16.4357;70.6974;-0.1027
979;18.0474;70.7017;-0.1026
980;19.6936;70.6675;-0.1055
981;1.4701;69.1835;-0.0764
982;3.0346;69.2726;-0.0798
983;4.5809;69.2853;-0.0865
984;6.1379;69.2938;-0.0871
985;7.7089;69.3015;-0.0859
986;9.2869;69.3078;-0.0887
987;10.8698;69.3149;-0.0822
988;12.4602;69.3211;-0.0919
989;14.0526;69.3274;-0.0946
990;15.6420;69.3363;-0.0945
991;17.2377;69.3441;-0.0932
992;18.8257;69.3480;-0.1049
993;20.3937;69.3610;-0.1060
994;1.1027;67.7232;-0.0744
995;2.4117;67.9079;-0.0801
996;3.8607;67.9255;-0.0829
997;5.3806;67.9332;-0.0854
998;6.9371;67.9412;-0.0917
999;8.5081;67.9479;-0.0819
1000;10.0910;67.9519;-0.0890
1001;11.6782;67.9598;-0.0921
1002;13.2679;67.9662;-0.0976
1003;14.8612;67.9735;-0.0987
1004;16.4582;67.9823;-0.1043
1005;18.0635;67.9909;-0.0972
1006;19.7052;68.0427;-0.1018
1007;1.6318;66.5462;-0.0744
1008;3.1163;66.5584;-0.0779
1009;4.6236;66.5699;-0.0862
1010;6.1678;66.5781;-0.0833
1011;7.7338;66.5873;-0.0831
1012;9.3108;66.5930;-0.0821
1013;10.8941;66.5981;-0.0845
1014;12.4845;66.6066;-0.0995
1015;14.0754;66.6118;-0.0916
1016;15.6672;66.6173;-0.0956
1017;17.2577;66.6207;-0.1068
1018;18.8193;66.6379;-0.0966
1019;20.2553;66.7767;-0.0998
1020;1.1094;65.3610;-0.0773
1021;2.4316;65.1962;-0.0759
1022;3.8842;65.2018;-0.0839
1023;5.4033;65.2153;-0.0756
1024;6.9607;65.2233;-0.0827
1025;8.5336;65.2318;-0.0851
1026;10.1153;65.2385;-0.0848
1027;11.7032;65.2444;-0.0918
1028;13.2927;65.2497;-0.0941
1029;14.8873;65.2552;-0.0932
1030;16.4932;65.2602;-0.0928
1031;18.1305;65.2653;-0.0925
1032;19.8445;65.3156;-0.0955
1033;1.4859;63.9149;-0.0710
1034;3.0711;63.8465;-0.0806
1035;4.6240;63.8517;-0.0836
1036;6.1820;63.8633;-0.0803
1037;7.7550;63.8712;-0.0852
1038;9.3344;63.8784;-0.0796
1039;10.9198;63.8837;-0.0879
1040;12.5089;63.8878;-0.0909
1041;14.0997;63.8939;-0.0882
1042;15.6958;63.9005;-0.0927
1043;17.2967;63.9047;-0.0960
1044;18.8846;63.9040;-0.0952
1045;20.3193;63.8932;-0.0893
1046;1.0675;62.5067;-0.0737
1047;2.3822;62.5029;-0.0795
1048;3.8731;62.4958;-0.0825
1049;5.4147;62.5033;-0.0788
1050;6.9798;62.5105;-0.0850
1051;8.5557;62.5153;-0.0836
1052;10.1395;62.5230;-0.0829
1053;11.7265;62.5280;-0.0898
1054;13.3162;62.5340;-0.0856
1055;14.9087;62.5394;-0.0900
1056;16.5153;62.5476;-0.0919
1057;18.1480;62.5451;-0.0899
1058;19.8456;62.4753;-0.0912
1059;1.4880;61.1153;-0.0791
1060;3.0744;61.1440;-0.0809
1061;4.6376;61.1460;-0.0833
1062;6.2026;61.1524;-0.0785
1063;7.7785;61.1576;-0.0818
1064;9.3592;61.1624;-0.0824
1065;10.9453;61.1673;-0.0830
1066;12.5335;61.1715;-0.0858
1067;14.1231;61.1779;-0.0866
1068;15.7140;61.1841;-0.0837
1069;17.2969;61.1894;-0.0869
1070;18.8493;61.1646;-0.0873
1071;20.2683;61.0056;-0.0902
1072;1.1096;59.6965;-0.0784
1073;2.4309;59.7819;-0.0704
1074;3.9043;59.7892;-0.0653
1075;5.4412;59.7945;-0.0788
1076;7.0026;59.7983;-0.0801
1077;8.5813;59.8026;-0.0821
1078;10.1646;59.8056;-0.0800
1079;11.7506;59.8108;-0.0876
1080;13.3393;59.8165;-0.0868
1081;14.9322;59.8204;-0.0863
1082;16.5256;59.8253;-0.0935
1083;18.1202;59.8147;-0.0923
1084;19.7446;59.7465;-0.0921
1085;1.6027;58.4015;-0.0740
1086;3.1357;58.4264;-0.0705
1087;4.6723;58.4346;-0.0703
1088;6.2298;58.4398;-0.0671
1089;7.8030;58.4434;-0.0833
1090;9.3849;58.4473;-0.0854
1091;10.9695;58.4525;-0.0875
1092;12.5559;58.4554;-0.0797
1093;14.1465;58.4594;-0.0890
1094;15.7360;58.4630;-0.0821
1095;17.3221;58.4615;-0.0873
1096;18.8929;58.4478;-0.0923
1097;20.4414;58.4083;-0.0930
1098;0.9856;57.0974;-0.0752
1099;2.4250;57.0748;-0.0700
1100;3.9251;57.0759;-0.0726
1101;5.4654;57.0793;-0.0752
1102;7.0289;57.0834;-0.0793
1103;8.6097;57.0875;-0.0962
1104;10.1891;57.0944;-0.0839
1105;11.7772;57.0958;-0.0787
1106;13.3656;57.0996;-0.0807
1107;14.9565;57.1040;-0.0904
1108;16.5456;57.1044;-0.0869
1109;18.1428;57.1007;-0.0836
1110;19.7676;57.1172;-0.0846
1111;1.6176;55.7650;-0.0728
1112;3.1569;55.7215;-0.0773
1113;4.6980;55.7223;-0.0716
1114;6.2574;55.7264;-0.0785
1115;7.8290;55.7292;-0.0855
1116;9.4108;55.7337;-0.0828
1117;10.9956;55.7390;-0.0777
1118;12.5846;55.7393;-0.0854
1119;14.1731;55.7432;-0.0817
1120;15.7594;55.7441;-0.0833
1121;17.3406;55.7425;-0.0816
1122;18.8957;55.7359;-0.0886
1123;20.3228;55.8314;-0.0828
1124;1.1375;54.4893;-0.0756
1125;2.4700;54.3710;-0.0726
1126;3.9501;54.3614;-0.0694
1127;5.4905;54.3663;-0.0763
1128;7.0548;54.3721;-0.0772
1129;8.6306;54.3750;-0.0780
1130;10.2135;54.3794;-0.0765
1131;11.8013;54.3823;-0.0787
1132;13.3916;54.3836;-0.0852
1133;14.9847;54.3856;-0.0812
1134;16.5816;54.3872;-0.0840
1135;18.2031;54.3907;-0.0814
1136;19.9082;54.3951;-0.0852
1137;1.5291;53.0549;-0.0745
1138;3.1330;53.0057;-0.0731
1139;4.7042;53.0072;-0.0723
1140;6.2759;53.0137;-0.0745
1141;7.8531;53.0161;-0.0779
1142;9.4332;53.0201;-0.0761
1143;11.0202;53.0226;-0.0814
1144;12.6080;53.0264;-0.0800
1145;14.1976;53.0290;-0.0754
1146;15.7860;53.0297;-0.0764
1147;17.3679;53.0337;-0.0804
1148;18.9215;53.0490;-0.0743
1149;20.3566;52.9472;-0.0817
1150;1.0953;51.6713;-0.0709
1151;2.4407;51.6510;-0.0765
1152;3.9518;51.6514;-0.0779
1153;5.5071;51.6573;-0.0814
1154;7.0770;51.6584;-0.0796
1155;8.6564;51.6619;-0.0745
1156;10.2376;51.6660;-0.0648
1157;11.8266;51.6657;-0.0737
1158;13.4170;51.6669;-0.0859
1159;15.0057;51.6695;-0.0755
1160;16.5976;51.6711;-0.0739
1161;18.1935;51.6732;-0.0767
1162;19.8007;51.6762;-0.0718
1163;1.5428;50.2462;-0.0821
1164;3.1514;50.2958;-0.0748
1165;4.7256;50.3023;-0.0744
1166;6.3012;50.3012;-0.0827
1167;7.8781;50.3037;-0.0748
1168;9.4610;50.3073;-0.0775
1169;11.0460;50.3077;-0.0734
1170;12.6352;50.3088;-0.0783
1171;14.2241;50.3114;-0.0767
1172;15.8122;50.3107;-0.0710
1173;17.3996;50.3118;-0.0766
1174;18.9682;50.3079;-0.0732
1175;20.4708;50.4086;-0.0730
1176;1.1647;48.7965;-0.0788
1177;2.5039;48.9215;-0.0781
1178;3.9915;48.9417;-0.0735
1179;5.5368;48.9456;-0.0795
1180;7.1029;48.9457;-0.0787
1181;8.6826;48.9473;-0.0760
1182;10.2648;48.9498;-0.0727
1183;11.8529;48.9500;-0.0708
1184;13.4421;48.9523;-0.0700
1185;15.0306;48.9542;-0.0667
1186;16.6266;48.9543;-0.0699
1187;18.2319;48.9543;-0.0738
1188;19.8776;48.9509;-0.0729
1189;1.6613;47.5188;-0.0751
1190;3.2137;47.5719;-0.0691
1191;4.7648;47.5865;-0.0666
1192;6.3292;47.5885;-0.0752
1193;7.9045;47.5898;-0.0736
1194;9.4862;47.5919;-0.0754
1195;11.0709;47.5931;-0.0670
1196;12.6595;47.5914;-0.0654
1197;14.2484;47.5931;-0.0690
1198;15.8390;47.5945;-0.0714
1199;17.4221;47.5983;-0.0675
1200;18.9899;47.5981;-0.0698
1201;20.4848;47.4847;-0.0635
1202;1.0264;46.1855;-0.0761
1203;2.4932;46.2119;-0.0736
1204;4.0113;46.2242;-0.0789
1205;5.5611;46.2286;-0.0802
1206;7.1299;46.2320;-0.0818
1207;8.7089;46.2343;-0.0755
1208;10.2925;46.2354;-0.0742
1209;11.8785;46.2338;-0.0699
1210;13.4676;46.2339;-0.0736
1211;15.0571;46.2346;-0.0693
1212;16.6471;46.2361;-0.0720
1213;18.2366;46.2346;-0.0743
1214;19.8340;46.2233;-0.0646
1215;1.6718;44.8874;-0.0813
1216;3.2355;44.8670;-0.0839
1217;4.7885;44.8708;-0.0770
1218;6.3546;44.8723;-0.0782
1219;7.9304;44.8761;-0.0727
1220;9.5104;44.8767;-0.0627
1221;11.0965;44.8771;-0.0665
1222;12.6860;44.8777;-0.0747
1223;14.2742;44.8769;-0.0690
1224;15.8596;44.8743;-0.0665
1225;17.4359;44.8717;-0.0717
1226;18.9758;44.8570;-0.0682
1227;20.3967;44.9463;-0.0612
1228;1.1744;43.5999;-0.0764
1229;2.5339;43.5071;-0.0825
1230;4.0373;43.5101;-0.0830
1231;5.5850;43.5154;-0.0729
1232;7.1540;43.5184;-0.0698
1233;8.7343;43.5173;-0.0685
1234;10.3188;43.5186;-0.0689
1235;11.9049;43.5179;-0.0701
1236;13.4947;43.5168;-0.0723
1237;15.0836;43.5162;-0.0685
1238;16.6781;43.5164;-0.0680
1239;18.2846;43.5164;-0.0648
1240;19.9675;43.5026;-0.0644
1241;1.5680;42.1712;-0.0790
1242;3.2130;42.1591;-0.0751
1243;4.7978;42.1577;-0.0734
1244;6.3738;42.1614;-0.0648
1245;7.9549;42.1610;-0.0681
1246;9.5374;42.1612;-0.0661
1247;11.1243;42.1602;-0.0676
1248;12.7126;42.1581;-0.0714
1249;14.2999;42.1582;-0.0658
1250;15.8863;42.1581;-0.0723
1251;17.4550;42.1604;-0.0631
1252;18.9849;42.1652;-0.0563
1253;20.3751;42.0669;-0.0560
1254;1.1496;40.7313;-0.0733
1255;2.5359;40.8226;-0.0794
1256;4.0497;40.8056;-0.0735
1257;5.6062;40.8049;-0.0746
1258;7.1791;40.8065;-0.0695
1259;8.7609;40.8051;-0.0698
1260;10.3451;40.8039;-0.0667
1261;11.9318;40.8028;-0.0683
1262;13.5192;40.8031;-0.0657
1263;15.1078;40.8007;-0.0667
1264;16.6926;40.7991;-0.0659
1265;18.2696;40.7991;-0.0610
1266;19.8646;40.7768;-0.0611
1267;1.6966;39.4602;-0.0785
1268;3.2647;39.4499;-0.0788
1269;4.8300;39.4472;-0.0794
1270;6.4019;39.4484;-0.0680
1271;7.9824;39.4478;-0.0696
1272;9.5646;39.4451;-0.0650
1273;11.1508;39.4454;-0.0660
1274;12.7402;39.4431;-0.0701
1275;14.3252;39.4436;-0.0558
1276;15.9115;39.4408;-0.0645
1277;17.4814;39.4409;-0.0590
1278;19.0256;39.4481;-0.0597
1279;20.5294;39.4784;-0.0542
1280;1.0622;38.2070;-0.0750
1281;2.5259;38.0918;-0.0813
1282;4.0630;38.0914;-0.0739
1283;5.6282;38.0919;-0.0687
1284;7.2055;38.0908;-0.0744
1285;8.7861;38.0902;-0.0665
1286;10.3693;38.0892;-0.0611
1287;11.9596;38.0855;-0.0675
1288;13.5478;38.0843;-0.0658
1289;15.1331;38.0828;-0.0585
1290;16.7167;38.0801;-0.0669
1291;18.2920;38.0867;-0.0693
1292;19.8757;38.1426;-0.0525
1293;1.6524;36.7463;-0.0750
1294;3.2641;36.7383;-0.0702
1295;4.8471;36.7375;-0.0747
1296;6.4256;36.7357;-0.0684
1297;8.0081;36.7348;-0.0713
1298;9.5924;36.7329;-0.0663
1299;11.1787;36.7303;-0.0657
1300;12.7692;36.7272;-0.0746
1301;14.3536;36.7253;-0.0626
1302;15.9352;36.7203;-0.0595
1303;17.4999;36.7174;-0.0566
1304;19.0171;36.7363;-0.0549
1305;20.3925;36.8729;-0.0571
1306;1.0758;35.2940;-0.0798
1307;2.5423;35.3890;-0.0802
1308;4.0855;35.3841;-0.0719
1309;5.6518;35.3815;-0.0679
1310;7.2309;35.3791;-0.0676
1311;8.8132;35.3770;-0.0631
1312;10.3997;35.3752;-0.0667
1313;11.9861;35.3706;-0.0633
1314;13.5753;35.3692;-0.0667
1315;15.1657;35.3648;-0.0724
1316;16.7539;35.3593;-0.0604
1317;18.3548;35.3606;-0.0576
1318;20.0021;35.4181;-0.0512
1319;1.7279;34.0255;-0.0744
1320;3.3069;34.0278;-0.0716
1321;4.8768;34.0261;-0.0672
1322;6.4537;34.0246;-0.0687
1323;8.0348;34.0210;-0.0669
1324;9.6199;34.0185;-0.0705
1325;11.2084;34.0147;-0.0736
1326;12.7940;34.0130;-0.0625
1327;14.3818;34.0080;-0.0576
1328;15.9681;34.0037;-0.0569
1329;17.5443;34.0033;-0.0523
1330;19.0904;34.0033;-0.0556
1331;20.4790;34.0025;-0.0460
1332;1.1899;32.7568;-0.0785
1333;2.5956;32.6526;-0.0770
1334;4.1200;32.6652;-0.0684
1335;5.6835;32.6666;-0.0712
1336;7.2602;32.6662;-0.0687
1337;8.8420;32.6646;-0.0713
1338;10.4283;32.6608;-0.0649
1339;12.0147;32.6556;-0.0648
1340;13.5998;32.6540;-0.0483
1341;15.1900;32.6485;-0.0514
1342;16.7800;32.6475;-0.0482
1343;18.3787;32.6448;-0.0484
1344;20.0235;32.5907;-0.0485
1345;1.6263;31.3115;-0.0781
1346;3.2963;31.3097;-0.0723
1347;4.8962;31.3116;-0.0709
1348;6.4800;31.3119;-0.0664
1349;8.0642;31.3083;-0.0665
1350;9.6472;31.3047;-0.0571
1351;11.2342;31.3014;-0.0597
1352;12.8214;31.2967;-0.0588
1353;14.4077;31.2942;-0.0515
1354;15.9888;31.2910;-0.0485
1355;17.5485;31.2904;-0.0422
1356;19.0602;31.2701;-0.0462
1357;20.4274;31.1377;-0.0477
1358;1.2302;29.8858;-0.0782
1359;2.6206;29.9684;-0.0727
1360;4.1480;29.9589;-0.0754
1361;5.7119;29.9550;-0.0700
1362;7.2893;29.9525;-0.0662
1363;8.8694;29.9495;-0.0621
1364;10.4561;29.9465;-0.0632
1365;12.0415;29.9419;-0.0526
1366;13.6304;29.9377;-0.0553
1367;15.2152;29.9329;-0.0480
1368;16.7910;29.9290;-0.0395
1369;18.3553;29.9181;-0.0419
1370;19.9324;29.8642;-0.0521
1371;1.7633;28.5949;-0.0726
1372;3.3574;28.6033;-0.0768
1373;4.9333;28.5998;-0.0692
1374;6.5125;28.5957;-0.0686
1375;8.0935;28.5935;-0.0725
1376;9.6760;28.5903;-0.0661
1377;11.2628;28.5870;-0.0633
1378;12.8513;28.5821;-0.0526
1379;14.4367;28.5759;-0.0574
1380;16.0171;28.5702;-0.0498
1381;17.5783;28.5648;-0.0467
1382;19.1051;28.5538;-0.0407
1383;20.5908;28.5287;-0.0465
1384;1.1105;27.3112;-0.0863
1385;2.6225;27.2603;-0.0813
1386;4.1700;27.2458;-0.0729
1387;5.7391;27.2381;-0.0777
1388;7.3164;27.2394;-0.0663
1389;8.8995;27.2325;-0.0757
1390;10.4847;27.2291;-0.0609
1391;12.0710;27.2278;-0.0540
1392;13.6571;27.2211;-0.0480
1393;15.2423;27.2158;-0.0436
1394;16.8201;27.2076;-0.0452
1395;18.3850;27.2038;-0.0494
1396;19.9515;27.2264;-0.0371
1397;1.7852;25.9705;-0.0757
1398;3.3852;25.8989;-0.0776
1399;4.9636;25.8862;-0.0732
1400;6.5411;25.8825;-0.0677
1401;8.1196;25.8803;-0.0615
1402;9.7063;25.8728;-0.0622
1403;11.2928;25.8695;-0.0547
1404;12.8800;25.8640;-0.0481
1405;14.4633;25.8583;-0.0414
1406;16.0438;25.8519;-0.0418
1407;17.6023;25.8406;-0.0462
1408;19.1065;25.8425;-0.0444
1409;20.4658;25.9366;-0.0400
1410;1.2773;24.7188;-0.0788
1411;2.6725;24.5591;-0.0762
1412;4.2013;24.5300;-0.0705
1413;5.7667;24.5268;-0.0650
1414;7.3464;24.5226;-0.0628
1415;8.9289;24.5190;-0.0609
1416;10.5138;24.5156;-0.0587
1417;12.1018;24.5087;-0.0526
1418;13.6876;24.5053;-0.0457
1419;15.2768;24.4955;-0.0419
1420;16.8596;24.4873;-0.0405
1421;18.4491;24.4796;-0.0377
1422;20.0859;24.5061;-0.0364
1423;1.6944;23.2612;-0.0746
1424;3.3649;23.1836;-0.0791
1425;4.9729;23.1735;-0.0746
1426;6.5629;23.1694;-0.0658
1427;8.1500;23.1657;-0.0546
1428;9.7359;23.1590;-0.0554
1429;11.3224;23.1535;-0.0521
1430;12.9103;23.1482;-0.0588
1431;14.4975;23.1404;-0.0502
1432;16.0769;23.1333;-0.0412
1433;17.6446;23.1262;-0.0361
1434;19.1675;23.1125;-0.0361
1435;20.5177;23.1000;-0.0346
1436;1.2337;21.8524;-0.0746
1437;2.6412;21.8355;-0.0788
1438;4.2051;21.8228;-0.0761
1439;5.7875;21.8166;-0.0706
1440;7.3724;21.8112;-0.0640
1441;8.9592;21.8065;-0.0578
1442;10.5433;21.8008;-0.0546
1443;12.1305;21.7921;-0.0529
1444;13.7212;21.7850;-0.0506
1445;15.3056;21.7785;-0.0424
1446;16.8866;21.7709;-0.0427
1447;18.4710;21.7580;-0.0329
1448;20.0917;21.6836;-0.0311
1449;1.7059;20.4304;-0.0709
1450;3.3851;20.4734;-0.0725
1451;4.9981;20.4649;-0.0727
1452;6.5904;20.4595;-0.0537
1453;8.1778;20.4537;-0.0486
1454;9.7674;20.4462;-0.0520
1455;11.3530;20.4410;-0.0489
1456;12.9395;20.4340;-0.0448
1457;14.5270;20.4249;-0.0454
1458;16.1030;20.4173;-0.0429
1459;17.6551;20.4081;-0.0376
1460;19.1483;20.3752;-0.0301
1461;20.4913;20.2156;-0.0261
1462;1.2929;18.9790;-0.0724
1463;2.7105;19.1053;-0.0773
1464;4.2502;19.1141;-0.0675
1465;5.8230;19.1068;-0.0691
1466;7.4047;19.1003;-0.0569
1467;8.9885;19.0940;-0.0580
1468;10.5757;19.0860;-0.0550
1469;12.1631;19.0791;-0.0537
1470;13.7494;19.0721;-0.0399
1471;15.3333;19.0615;-0.0377
1472;16.9070;19.0534;-0.0416
1473;18.4572;19.0326;-0.0328
1474;20.0110;18.9491;-0.0324
1475;1.8422;17.7076;-0.0807
1476;3.4555;17.7504;-0.0785
1477;5.0430;17.7504;-0.0740
1478;6.6261;17.7470;-0.0640
1479;8.2110;17.7404;-0.0602
1480;9.7972;17.7342;-0.0607
1481;11.3855;17.7267;-0.0571
1482;12.9720;17.7176;-0.0466
1483;14.5562;17.7092;-0.0359
1484;16.1341;17.6985;-0.0506
1485;17.6866;17.6838;-0.0415
1486;19.1968;17.6595;-0.0312
1487;20.6632;17.5832;-0.0254
1488;1.1687;16.3951;-0.0814
1489;2.7093;16.3935;-0.0756
1490;4.2749;16.3955;-0.0739
1491;5.8518;16.3928;-0.0628
1492;7.4351;16.3874;-0.0636
1493;9.0214;16.3808;-0.0643
1494;10.6058;16.3721;-0.0532
1495;12.1949;16.3652;-0.0535
1496;13.7825;16.3567;-0.0488
1497;15.3617;16.3463;-0.0397
1498;16.9330;16.3331;-0.0431
1499;18.4857;16.3185;-0.0299
1500;20.0336;16.3237;-0.0298
1501;1.8594;15.0847;-0.0784
1502;3.4806;15.0431;-0.0728
1503;5.0730;15.0364;-0.0697
1504;6.6576;15.0322;-0.0707
1505;8.2419;15.0283;-0.0598
1506;9.8275;15.0197;-0.0535
1507;11.4166;15.0121;-0.0551
1508;13.0027;15.0021;-0.0478
1509;14.5878;14.9928;-0.0413
1510;16.1620;14.9816;-0.0338
1511;17.7142;14.9656;-0.0294
1512;19.2147;14.9516;-0.0240
1513;20.5822;15.0731;-0.0268
1514;1.3209;13.8274;-0.0759
1515;2.7531;13.6922;-0.0758
1516;4.3041;13.6821;-0.0670
1517;5.8822;13.6780;-0.0590
1518;7.4654;13.6725;-0.0603
1519;9.0488;13.6665;-0.0522
1520;10.6348;13.6613;-0.0481
1521;12.2250;13.6507;-0.0536
1522;13.8121;13.6407;-0.0431
1523;15.3972;13.6307;-0.0394
1524;16.9763;13.6166;-0.0384
1525;18.5525;13.6096;-0.0201
1526;20.1816;13.6204;-0.0141
1527;1.7546;12.3831;-0.0741
1528;3.4636;12.3385;-0.0753
1529;5.0837;12.3256;-0.0586
1530;6.6814;12.3199;-0.0649
1531;8.2711;12.3140;-0.0593
1532;9.8586;12.3067;-0.0589
1533;11.4469;12.2987;-0.0556
1534;13.0329;12.2901;-0.0426
1535;14.6182;12.2787;-0.0398
1536;16.1934;12.2694;-0.0337
1537;17.7417;12.2619;-0.0220
1538;19.2316;12.2668;-0.0188
1539;20.5667;12.1998;-0.0147
1540;1.3138;10.9547;-0.0882
1541;2.7595;11.0130;-0.0784
1542;4.3215;10.9802;-0.0676
1543;5.9078;10.9669;-0.0708
1544;7.4933;10.9617;-0.0561
1545;9.0794;10.9551;-0.0541
1546;10.6664;10.9471;-0.0544
1547;12.2553;10.9375;-0.0496
1548;13.8396;10.9280;-0.0315
1549;15.4212;10.9164;-0.0210
1550;16.9920;10.9059;-0.0252
1551;18.5426;10.8998;-0.0267
1552;20.0849;10.8907;-0.0206
1553;1.8859;9.6667;-0.0869
1554;3.5178;9.6344;-0.0730
1555;5.1212;9.6163;-0.0724
1556;6.7144;9.6094;-0.0670
1557;8.3027;9.6020;-0.0627
1558;9.8860;9.5959;-0.0416
1559;11.4757;9.5850;-0.0497
1560;13.0621;9.5762;-0.0413
1561;14.6466;9.5638;-0.0348
1562;16.2204;9.5554;-0.0205
1563;17.7696;9.5449;-0.0162
1564;19.2726;9.5529;-0.0184
1565;20.7134;9.6008;-0.0128
1566;1.2107;8.4372;-0.0849
1567;2.7646;8.3080;-0.0822
1568;4.3477;8.2722;-0.0703
1569;5.9367;8.2585;-0.0685
1570;7.5238;8.2495;-0.0626
1571;9.1110;8.2424;-0.0562
1572;10.6968;8.2355;-0.0410
1573;12.2864;8.2255;-0.0501
1574;13.8717;8.2165;-0.0367
1575;15.4521;8.2060;-0.0274
1576;17.0180;8.1951;-0.0160
1577;18.5618;8.1957;-0.0184
1578;20.0941;8.2560;-0.0053
1579;1.9067;7.0312;-0.0792
1580;3.5574;6.9430;-0.0731
1581;5.1588;6.9111;-0.0721
1582;6.7484;6.8984;-0.0627
1583;8.3342;6.8912;-0.0588
1584;9.9213;6.8861;-0.0528
1585;11.5072;6.8793;-0.0477
1586;13.0958;6.8691;-0.0452
1587;14.6773;6.8607;-0.0272
1588;16.2502;6.8502;-0.0239
1589;17.7897;6.8454;-0.0145
1590;19.2654;6.8653;-0.0107
1591;20.5890;7.0013;0.0007
1592;1.4441;5.7231;-0.0856
1593;2.9004;5.6224;-0.0784
1594;4.4327;5.5661;-0.0748
1595;5.9981;5.5474;-0.0769
1596;7.5715;5.5411;-0.0583
1597;9.1540;5.5399;-0.0482
1598;10.7392;5.5366;-0.0481
1599;12.3259;5.5318;-0.0351
1600;13.9116;5.5250;-0.0337
1601;15.4936;5.5214;-0.0195
1602;17.0646;5.5135;-0.0120
1603;18.6239;5.5279;-0.0017
1604;20.2236;5.5948;-0.0083
1605;1.1726;4.2834;-0.0829
1606;2.3690;4.2277;-0.0811
1607;3.7788;4.1929;-0.0794
1608;5.2938;4.1860;-0.0752
1609;6.8512;4.1884;-0.0645
1610;8.4257;4.1917;-0.0540
1611;10.0070;4.1984;-0.0437
1612;11.5932;4.1992;-0.0361
1613;13.1808;4.1996;-0.0308
1614;14.7664;4.1967;-0.0310
1615;16.3401;4.1985;-0.0190
1616;17.8814;4.2025;-0.0067
1617;19.3526;4.2477;-0.0064
1618;20.6643;4.2555;-0.0144
1619;1.5577;2.8141;-0.0841
1620;3.0946;2.7973;-0.0773
1621;4.6437;2.8137;-0.0707
1622;6.2063;2.8317;-0.0650
1623;7.7790;2.8479;-0.0481
1624;9.3610;2.8598;-0.0403
1625;10.9490;2.8713;-0.0431
1626;12.5335;2.8854;-0.0315
1627;14.1215;2.8933;-0.0287
1628;15.7072;2.8983;-0.0217
1629;17.2794;2.9033;-0.0180
1630;18.8266;2.9146;-0.0134
1631;20.3066;2.9707;-0.0052
