# Units: length:mm angle:deg time:s force:N 
# Stage: Stufe 21
stage;index;relative_time;date
"Stufe 21";21;387.7269;"2024-02-28T15:03:06.987"
# Name : Analogeingang 0
force;untransformed;transformed
751.1063;0.1878;751.1063
# Name : Flächenkomponente 1
id;x;y;z
0;-0.0033;138.8751;-0.1078
1;1.1334;139.5459;-0.0970
2;2.5535;139.5563;-0.0841
3;3.9741;139.5662;-0.0708
4;5.3958;139.5754;-0.0534
5;6.8187;139.5849;-0.0379
6;8.2437;139.5950;-0.0261
7;9.6690;139.6048;-0.0107
8;11.0955;139.6142;0.0026
9;12.5238;139.6242;0.0191
10;13.9533;139.6346;0.0326
11;15.3850;139.6433;0.0457
12;16.8168;139.6531;0.0634
13;18.2494;139.6624;0.0749
14;19.6839;139.6726;0.0905
15;21.1174;139.6705;0.1102
16;21.9365;138.9407;0.1188
17;21.9341;137.5481;0.1211
18;21.9288;136.1552;0.1189
19;21.9237;134.7619;0.1203
20;21.9187;133.3683;0.1219
21;21.9128;131.9747;0.1256
22;21.9074;130.5806;0.1284
23;21.9021;129.1866;0.1314
24;21.8966;127.7937;0.1315
25;21.8913;126.4002;0.1319
26;21.8860;125.0065;0.1307
27;21.8802;123.6130;0.1330
28;21.8757;122.2191;0.1335
29;21.8704;120.8244;0.1367
30;21.8653;119.4305;0.1395
31;21.8598;118.0362;0.1406
32;21.8544;116.6429;0.1428
33;21.8491;115.2496;0.1420
34;21.8440;113.8543;0.1436
35;21.8387;112.4600;0.1454
36;21.8332;111.0650;0.1489
37;21.8274;109.6703;0.1509
38;21.8225;108.2761;0.1482
39;21.8174;106.8820;0.1509
40;21.8114;105.4875;0.1573
41;21.8061;104.0925;0.1547
42;21.8008;102.6981;0.1577
43;21.7956;101.3033;0.1566
44;21.7889;99.9081;0.1605
45;21.7844;98.5135;0.1641
46;21.7776;97.1187;0.1646
47;21.7724;95.7248;0.1707
48;21.7685;94.3301;0.1717
49;21.7637;92.9351;0.1691
50;21.7586;91.5395;0.1713
51;21.7533;90.1458;0.1731
52;21.7481;88.7522;0.1742
53;21.7428;87.3553;0.1791
54;21.7370;85.9606;0.1871
55;21.7310;84.5669;0.1927
56;21.7262;83.1722;0.1895
57;21.7210;81.7762;0.1930
58;21.7158;80.3815;0.1942
59;21.7099;78.9868;0.1964
60;21.7036;77.5918;0.1983
61;21.6980;76.1979;0.2042
62;21.6932;74.8032;0.2019
63;21.6880;73.4073;0.2021
64;21.6832;72.0122;0.2079
65;21.6754;70.6173;0.2150
66;21.6723;69.2236;0.2117
67;21.6680;67.8271;0.2113
68;21.6614;66.4312;0.2148
69;21.6560;65.0361;0.2215
70;21.6483;63.6421;0.2262
71;21.6456;62.2470;0.2259
72;21.6394;60.8500;0.2247
73;21.6344;59.4549;0.2288
74;21.6280;58.0591;0.2325
75;21.6237;56.6656;0.2336
76;21.6179;55.2700;0.2385
77;21.6136;53.8754;0.2347
78;21.6079;52.4802;0.2375
79;21.6029;51.0846;0.2404
80;21.5970;49.6889;0.2472
81;21.5925;48.2947;0.2442
82;21.5867;46.8989;0.2484
83;21.5833;45.5033;0.2456
84;21.5775;44.1086;0.2521
85;21.5696;42.7142;0.2611
86;21.5653;41.3177;0.2614
87;21.5626;39.9230;0.2578
88;21.5574;38.5269;0.2555
89;21.5507;37.1334;0.2665
90;21.5447;35.7383;0.2737
91;21.5379;34.3435;0.2757
92;21.5355;32.9491;0.2777
93;21.5305;31.5520;0.2775
94;21.5272;30.1573;0.2729
95;21.5209;28.7636;0.2810
96;21.5160;27.3672;0.2873
97;21.5076;25.9738;0.2938
98;21.5059;24.5764;0.2858
99;21.5042;23.1820;0.2811
100;21.4978;21.7859;0.2895
101;21.4941;20.3915;0.2895
102;21.4856;18.9952;0.2998
103;21.4813;17.6014;0.2978
104;21.4774;16.2037;0.2978
105;21.4744;14.8098;0.2993
106;21.4676;13.4148;0.3024
107;21.4627;12.0193;0.3126
108;21.4560;10.6249;0.3174
109;21.4558;9.2290;0.3025
110;21.4517;7.8355;0.3071
111;21.4477;6.4395;0.3052
112;21.4434;5.0453;0.3062
113;21.4377;3.6509;0.3086
114;21.4349;2.2546;0.3050
115;21.4278;0.8607;0.3122
133;-0.9187;0.3681;0.0765
134;-0.9102;1.7530;0.0743
135;-0.9013;3.1382;0.0743
136;-0.8920;4.5234;0.0745
137;-0.8826;5.9077;0.0685
138;-0.8745;7.2915;0.0697
139;-0.8637;8.6764;0.0613
140;-0.8548;10.0602;0.0590
141;-0.8471;11.4464;0.0617
142;-0.8387;12.8314;0.0572
143;-0.8291;14.2160;0.0557
144;-0.8207;15.6010;0.0560
145;-0.8113;16.9856;0.0528
146;-0.8025;18.3705;0.0506
147;-0.7946;19.7553;0.0519
148;-0.7862;21.1408;0.0517
149;-0.7774;22.5250;0.0494
150;-0.7693;23.9107;0.0495
151;-0.7607;25.2956;0.0476
152;-0.7504;26.6792;0.0380
153;-0.7426;28.0654;0.0413
154;-0.7334;29.4504;0.0373
155;-0.7247;30.8354;0.0350
156;-0.7172;32.2208;0.0395
157;-0.7085;33.6061;0.0334
158;-0.6993;34.9909;0.0327
159;-0.6903;36.3766;0.0276
160;-0.6818;37.7618;0.0263
161;-0.6733;39.1470;0.0262
162;-0.6649;40.5320;0.0263
163;-0.6558;41.9170;0.0244
164;-0.6464;43.3021;0.0204
165;-0.6376;44.6874;0.0186
166;-0.6282;46.0729;0.0152
167;-0.6199;47.4588;0.0144
168;-0.6109;48.8440;0.0111
169;-0.6024;50.2296;0.0106
170;-0.5941;51.6151;0.0128
171;-0.5858;53.0011;0.0143
172;-0.5767;54.3857;0.0064
173;-0.5668;55.7714;0.0050
174;-0.5577;57.1574;0.0076
175;-0.5490;58.5422;0.0040
176;-0.5394;59.9278;0.0024
177;-0.5312;61.3130;0.0020
178;-0.5219;62.6983;-0.0014
179;-0.5131;64.0840;-0.0021
180;-0.5042;65.4690;-0.0035
181;-0.4945;66.8536;-0.0032
182;-0.4861;68.2386;-0.0056
183;-0.4773;69.6240;-0.0083
184;-0.4684;71.0096;-0.0122
185;-0.4587;72.3952;-0.0097
186;-0.4501;73.7804;-0.0107
187;-0.4409;75.1651;-0.0100
188;-0.4319;76.5505;-0.0157
189;-0.4217;77.9358;-0.0188
190;-0.4130;79.3208;-0.0217
191;-0.4034;80.7054;-0.0226
192;-0.3938;82.0911;-0.0233
193;-0.3844;83.4774;-0.0266
194;-0.3753;84.8620;-0.0278
195;-0.3665;86.2471;-0.0306
196;-0.3562;87.6325;-0.0308
197;-0.3471;89.0173;-0.0321
198;-0.3381;90.4025;-0.0347
199;-0.3290;91.7882;-0.0362
200;-0.3184;93.1736;-0.0392
201;-0.3087;94.5592;-0.0420
202;-0.3007;95.9436;-0.0438
203;-0.2912;97.3295;-0.0456
204;-0.2816;98.7148;-0.0492
205;-0.2725;100.0996;-0.0491
206;-0.2627;101.4849;-0.0532
207;-0.2528;102.8696;-0.0535
208;-0.2422;104.2553;-0.0593
209;-0.2328;105.6403;-0.0609
210;-0.2242;107.0255;-0.0606
211;-0.2152;108.4099;-0.0608
212;-0.2061;109.7950;-0.0646
213;-0.1963;111.1801;-0.0682
214;-0.1869;112.5651;-0.0713
215;-0.1768;113.9500;-0.0714
216;-0.1667;115.3354;-0.0743
217;-0.1573;116.7208;-0.0758
218;-0.1475;118.1054;-0.0784
219;-0.1385;119.4898;-0.0808
220;-0.1288;120.8751;-0.0812
221;-0.1191;122.2598;-0.0843
222;-0.1093;123.6450;-0.0882
223;-0.0990;125.0299;-0.0912
224;-0.0903;126.4141;-0.0912
225;-0.0800;127.7986;-0.0925
226;-0.0708;129.1829;-0.0919
227;-0.0606;130.5677;-0.0973
228;-0.0520;131.9527;-0.1006
229;-0.0417;133.3370;-0.1005
230;-0.0322;134.7212;-0.1049
231;-0.0215;136.1059;-0.1080
232;-0.0124;137.4905;-0.1066
233;1.5972;138.5073;-0.0916
234;3.0788;138.4827;-0.0763
235;4.5157;138.4846;-0.0597
236;5.9429;138.4953;-0.0478
237;7.3673;138.5064;-0.0302
238;8.7917;138.5177;-0.0177
239;10.2174;138.5293;-0.0053
240;11.6437;138.5409;0.0109
241;13.0717;138.5522;0.0271
242;14.4995;138.5632;0.0394
243;15.9264;138.5754;0.0514
244;17.3391;138.5900;0.0694
245;18.7084;138.6085;0.0839
246;19.9859;138.6441;0.0962
247;21.0662;138.5047;0.1110
248;0.9302;137.4500;-0.0971
249;2.3073;137.3907;-0.0841
250;3.7167;137.3725;-0.0651
251;5.1352;137.3770;-0.0531
252;6.5567;137.3896;-0.0404
253;7.9798;137.4011;-0.0275
254;9.4031;137.4137;-0.0123
255;10.8285;137.4272;0.0032
256;12.2553;137.4387;0.0176
257;13.6830;137.4512;0.0345
258;15.1091;137.4643;0.0450
259;16.5257;137.4770;0.0590
260;17.9151;137.4872;0.0784
261;19.2477;137.4991;0.0960
262;20.5100;137.5269;0.1075
263;1.5276;136.2902;-0.0918
264;2.9614;136.2355;-0.0774
265;4.3805;136.2313;-0.0612
266;5.7992;136.2417;-0.0473
267;7.2208;136.2552;-0.0318
268;8.6434;136.2675;-0.0182
269;10.0674;136.2810;-0.0047
270;11.4942;136.2949;0.0105
271;12.9205;136.3066;0.0272
272;14.3477;136.3210;0.0415
273;15.7702;136.3326;0.0537
274;17.1750;136.3416;0.0672
275;18.5406;136.3450;0.0850
276;19.8320;136.3603;0.1006
277;21.0115;136.6081;0.1103
278;1.0617;135.1896;-0.0952
279;2.2997;135.0692;-0.0830
280;3.6678;135.0598;-0.0668
281;5.0724;135.0707;-0.0519
282;6.4885;135.0835;-0.0382
283;7.9093;135.0977;-0.0225
284;9.3335;135.1110;-0.0098
285;10.7588;135.1254;0.0027
286;12.1853;135.1381;0.0177
287;13.6117;135.1516;0.0341
288;15.0377;135.1641;0.0495
289;16.4570;135.1748;0.0607
290;17.8597;135.1817;0.0758
291;19.2428;135.1911;0.0920
292;20.6351;135.2873;0.1074
293;1.4125;133.9145;-0.0884
294;2.8985;133.8756;-0.0747
295;4.3378;133.8840;-0.0602
296;5.7630;133.8979;-0.0440
297;7.1855;133.9112;-0.0297
298;8.6088;133.9247;-0.0172
299;10.0331;133.9382;-0.0038
300;11.4592;133.9517;0.0115
301;12.8860;133.9650;0.0248
302;14.3124;133.9780;0.0429
303;15.7367;133.9898;0.0589
304;17.1476;133.9995;0.0701
305;18.5245;134.0084;0.0846
306;19.8381;134.0310;0.1005
307;20.9812;134.0746;0.1119
308;0.9886;132.6643;-0.0919
309;2.2392;132.6780;-0.0791
310;3.6310;132.6906;-0.0641
311;5.0452;132.7022;-0.0492
312;6.4647;132.7156;-0.0345
313;7.8882;132.7286;-0.0210
314;9.3106;132.7420;-0.0068
315;10.7363;132.7548;0.0060
316;12.1614;132.7680;0.0175
317;13.5894;132.7804;0.0342
318;15.0159;132.7932;0.0508
319;16.4358;132.8042;0.0643
320;17.8412;132.8147;0.0799
321;19.2261;132.8270;0.0962
322;20.6075;132.8108;0.1107
323;1.3982;131.4208;-0.0844
324;2.8819;131.4894;-0.0704
325;4.3192;131.5048;-0.0547
326;5.7426;131.5159;-0.0415
327;7.1651;131.5291;-0.0292
328;8.5883;131.5406;-0.0143
329;10.0129;131.5538;0.0020
330;11.4392;131.5658;0.0136
331;12.8657;131.5786;0.0266
332;14.2937;131.5904;0.0401
333;15.7164;131.6027;0.0574
334;17.1248;131.6131;0.0718
335;18.4947;131.6242;0.0850
336;19.7839;131.6220;0.0998
337;20.9184;131.5402;0.1146
338;1.0271;130.1304;-0.0844
339;2.2674;130.2704;-0.0720
340;3.6309;130.3021;-0.0580
341;5.0331;130.3135;-0.0458
342;6.4479;130.3249;-0.0353
343;7.8679;130.3373;-0.0226
344;9.2921;130.3487;-0.0050
345;10.7172;130.3613;0.0095
346;12.1440;130.3734;0.0224
347;13.5710;130.3856;0.0353
348;14.9969;130.3975;0.0514
349;16.4141;130.4069;0.0648
350;17.8108;130.4155;0.0813
351;19.1687;130.4191;0.0937
352;20.5014;130.3889;0.1097
353;1.4787;129.0182;-0.0820
354;2.9050;129.0852;-0.0632
355;4.3154;129.1065;-0.0524
356;5.7292;129.1195;-0.0370
357;7.1476;129.1313;-0.0266
358;8.5699;129.1433;-0.0137
359;9.9946;129.1548;0.0003
360;11.4202;129.1674;0.0154
361;12.8476;129.1782;0.0322
362;14.2749;129.1898;0.0445
363;15.6978;129.2001;0.0586
364;17.1060;129.2086;0.0718
365;18.4768;129.2147;0.0918
366;19.7872;129.2188;0.1024
367;21.0295;129.2059;0.1189
368;0.8738;127.8359;-0.0839
369;2.2265;127.8762;-0.0716
370;3.6100;127.8983;-0.0560
371;5.0146;127.9138;-0.0404
372;6.4287;127.9260;-0.0279
373;7.8497;127.9375;-0.0174
374;9.2734;127.9489;-0.0045
375;10.6980;127.9605;0.0085
376;12.1236;127.9713;0.0238
377;13.5517;127.9825;0.0383
378;14.9779;127.9927;0.0555
379;16.3966;128.0016;0.0672
380;17.7935;128.0069;0.0852
381;19.1545;128.0147;0.0977
382;20.4919;128.0455;0.1143
383;1.4577;126.6983;-0.0765
384;2.8856;126.6939;-0.0638
385;4.2966;126.7083;-0.0486
386;5.7111;126.7206;-0.0362
387;7.1284;126.7320;-0.0219
388;8.5519;126.7428;-0.0089
389;9.9756;126.7536;0.0029
390;11.4012;126.7640;0.0189
391;12.8286;126.7753;0.0335
392;14.2552;126.7857;0.0477
393;15.6792;126.7947;0.0616
394;17.0880;126.8005;0.0763
395;18.4602;126.8037;0.0936
396;19.7560;126.8150;0.1080
397;20.9049;126.8878;0.1209
398;0.9851;125.5610;-0.0805
399;2.2275;125.4861;-0.0685
400;3.5943;125.5010;-0.0565
401;4.9970;125.5144;-0.0380
402;6.4101;125.5270;-0.0253
403;7.8301;125.5378;-0.0119
404;9.2528;125.5476;0.0015
405;10.6780;125.5582;0.0133
406;12.1041;125.5683;0.0289
407;13.5325;125.5779;0.0437
408;14.9602;125.5880;0.0572
409;16.3811;125.5956;0.0710
410;17.7885;125.6013;0.0853
411;19.1789;125.6058;0.1014
412;20.5742;125.6343;0.1145
413;1.3310;124.3005;-0.0777
414;2.8294;124.3018;-0.0611
415;4.2651;124.3107;-0.0463
416;5.6867;124.3214;-0.0312
417;7.1081;124.3321;-0.0186
418;8.5317;124.3418;-0.0057
419;9.9557;124.3517;0.0090
420;11.3825;124.3619;0.0216
421;12.8095;124.3704;0.0380
422;14.2373;124.3796;0.0513
423;15.6622;124.3892;0.0641
424;17.0743;124.3961;0.0807
425;18.4532;124.4039;0.0954
426;19.7697;124.4026;0.1114
427;20.9188;124.4052;0.1259
428;0.9311;123.0216;-0.0772
429;2.1948;123.1140;-0.0649
430;3.5685;123.1099;-0.0514
431;4.9740;123.1177;-0.0404
432;6.3899;123.1272;-0.0252
433;7.8105;123.1360;-0.0103
434;9.2343;123.1459;0.0043
435;10.6593;123.1552;0.0169
436;12.0855;123.1641;0.0317
437;13.5147;123.1736;0.0449
438;14.9403;123.1819;0.0596
439;16.3621;123.1897;0.0738
440;17.7663;123.1985;0.0909
441;19.1504;123.2047;0.1054
442;20.5401;123.1551;0.1205
443;1.4162;121.9017;-0.0724
444;2.8375;121.9053;-0.0584
445;4.2524;121.9131;-0.0413
446;5.6693;121.9219;-0.0291
447;7.0900;121.9315;-0.0150
448;8.5122;121.9406;-0.0024
449;9.9366;121.9497;0.0108
450;11.3634;121.9579;0.0262
451;12.7913;121.9665;0.0410
452;14.2180;121.9750;0.0534
453;15.6414;121.9828;0.0679
454;17.0488;121.9905;0.0845
455;18.4159;121.9993;0.0985
456;19.7033;122.0043;0.1107
457;20.8594;121.8706;0.1225
458;0.8257;120.7843;-0.0723
459;2.1509;120.6984;-0.0629
460;3.5412;120.7092;-0.0471
461;4.9511;120.7180;-0.0352
462;6.3693;120.7267;-0.0223
463;7.7914;120.7353;-0.0052
464;9.2151;120.7446;0.0060
465;10.6405;120.7525;0.0221
466;12.0676;120.7605;0.0344
467;13.4958;120.7687;0.0481
468;14.9224;120.7753;0.0611
469;16.3403;120.7813;0.0771
470;17.7336;120.7875;0.0941
471;19.0822;120.7939;0.1058
472;20.3936;120.8070;0.1170
473;1.3464;119.4994;-0.0664
474;2.8012;119.5074;-0.0528
475;4.2263;119.5150;-0.0397
476;5.6478;119.5231;-0.0299
477;7.0701;119.5316;-0.0136
478;8.4936;119.5391;0.0004
479;9.9184;119.5464;0.0148
480;11.3446;119.5547;0.0287
481;12.7714;119.5618;0.0413
482;14.2001;119.5695;0.0575
483;15.6223;119.5746;0.0724
484;17.0298;119.5784;0.0857
485;18.3947;119.5795;0.1004
486;19.6833;119.5934;0.1128
487;20.8444;119.7586;0.1282
488;0.8071;118.2080;-0.0681
489;2.1299;118.3097;-0.0552
490;3.5208;118.3143;-0.0449
491;4.9319;118.3201;-0.0327
492;6.3502;118.3272;-0.0222
493;7.7723;118.3342;-0.0053
494;9.1955;118.3422;0.0082
495;10.6225;118.3489;0.0223
496;12.0486;118.3561;0.0364
497;13.4772;118.3630;0.0524
498;14.9044;118.3690;0.0648
499;16.3256;118.3722;0.0787
500;17.7302;118.3743;0.0960
501;19.1168;118.3824;0.1082
502;20.5163;118.4658;0.1252
503;1.3814;117.0951;-0.0613
504;2.8015;117.1095;-0.0482
505;4.2140;117.1170;-0.0343
506;5.6313;117.1235;-0.0214
507;7.0510;117.1302;-0.0087
508;8.4736;117.1372;0.0052
509;9.8995;117.1435;0.0147
510;11.3259;117.1504;0.0304
511;12.7537;117.1573;0.0422
512;14.1813;117.1633;0.0596
513;15.6069;117.1679;0.0743
514;17.0196;117.1711;0.0890
515;18.4044;117.1756;0.1036
516;19.7284;117.1984;0.1165
517;20.8833;117.2214;0.1283
518;0.8806;115.9718;-0.0662
519;2.1416;115.8919;-0.0516
520;3.5129;115.9109;-0.0379
521;4.9172;115.9202;-0.0278
522;6.3318;115.9267;-0.0150
523;7.7534;115.9328;-0.0014
524;9.1778;115.9393;0.0114
525;10.6037;115.9455;0.0226
526;12.0298;115.9510;0.0384
527;13.4585;115.9570;0.0538
528;14.8866;115.9634;0.0686
529;16.3097;115.9668;0.0809
530;17.7207;115.9713;0.0993
531;19.1183;115.9823;0.1134
532;20.5229;115.9840;0.1267
533;1.2610;114.6988;-0.0593
534;2.7551;114.7102;-0.0465
535;4.1886;114.7175;-0.0317
536;5.6107;114.7234;-0.0205
537;7.0314;114.7298;-0.0067
538;8.4556;114.7347;0.0061
539;9.8804;114.7404;0.0188
540;11.3073;114.7461;0.0341
541;12.7342;114.7513;0.0480
542;14.1641;114.7579;0.0609
543;15.5886;114.7621;0.0767
544;17.0012;114.7661;0.0892
545;18.3800;114.7734;0.1075
546;19.6867;114.7816;0.1184
547;20.8478;114.7367;0.1295
548;0.8942;113.4346;-0.0622
549;2.1330;113.5175;-0.0502
550;3.4982;113.5187;-0.0365
551;4.8989;113.5218;-0.0267
552;6.3130;113.5266;-0.0110
553;7.7341;113.5315;0.0006
554;9.1589;113.5360;0.0144
555;10.5838;113.5414;0.0281
556;12.0116;113.5463;0.0409
557;13.4404;113.5513;0.0567
558;14.8670;113.5560;0.0692
559;16.2892;113.5604;0.0838
560;17.6925;113.5643;0.1001
561;19.0645;113.5680;0.1126
562;20.4182;113.5681;0.1264
563;1.3473;112.2972;-0.0573
564;2.7706;112.3159;-0.0438
565;4.1817;112.3186;-0.0331
566;5.5948;112.3237;-0.0171
567;7.0133;112.3278;-0.0031
568;8.4367;112.3332;0.0082
569;9.8610;112.3370;0.0238
570;11.2882;112.3421;0.0343
571;12.7165;112.3463;0.0498
572;14.1442;112.3511;0.0620
573;15.5690;112.3548;0.0789
574;16.9821;112.3566;0.0932
575;18.3626;112.3610;0.1081
576;19.6884;112.3747;0.1192
577;20.9480;112.4187;0.1345
578;0.7516;111.1525;-0.0625
579;2.0957;111.1252;-0.0498
580;3.4771;111.1188;-0.0334
581;4.8798;111.1210;-0.0229
582;6.2955;111.1254;-0.0098
583;7.7155;111.1294;0.0021
584;9.1390;111.1345;0.0174
585;10.5644;111.1378;0.0296
586;11.9923;111.1416;0.0454
587;13.4219;111.1457;0.0565
588;14.8487;111.1494;0.0724
589;16.2688;111.1517;0.0910
590;17.6716;111.1533;0.1033
591;19.0441;111.1634;0.1141
592;20.3978;111.2168;0.1306
593;1.3352;109.9730;-0.0507
594;2.7554;109.9240;-0.0395
595;4.1635;109.9203;-0.0297
596;5.5765;109.9234;-0.0135
597;6.9949;109.9279;-0.0036
598;8.4171;109.9307;0.0105
599;9.8425;109.9349;0.0239
600;11.2699;109.9377;0.0385
601;12.6977;109.9404;0.0519
602;14.1266;109.9449;0.0664
603;15.5509;109.9474;0.0808
604;16.9615;109.9463;0.0971
605;18.3388;109.9472;0.1081
606;19.6457;109.9684;0.1221
607;20.8085;110.0808;0.1378
608;0.8732;108.8565;-0.0521
609;2.1057;108.7336;-0.0462
610;3.4631;108.7169;-0.0347
611;4.8625;108.7203;-0.0198
612;6.2758;108.7246;-0.0041
613;7.6966;108.7281;0.0070
614;9.1200;108.7315;0.0190
615;10.5459;108.7347;0.0318
616;11.9739;108.7370;0.0481
617;13.4023;108.7401;0.0599
618;14.8309;108.7418;0.0716
619;16.2536;108.7428;0.0881
620;17.6650;108.7416;0.1027
621;19.0619;108.7469;0.1172
622;20.4711;108.7988;0.1348
623;1.2214;107.5747;-0.0491
624;2.6977;107.5199;-0.0373
625;4.1303;107.5184;-0.0242
626;5.5526;107.5221;-0.0109
627;6.9738;107.5244;0.0034
628;8.3980;107.5277;0.0144
629;9.8240;107.5314;0.0260
630;11.2503;107.5334;0.0431
631;12.6784;107.5357;0.0552
632;14.1084;107.5377;0.0672
633;15.5341;107.5390;0.0805
634;16.9491;107.5390;0.0970
635;18.3388;107.5392;0.1141
636;19.6721;107.5463;0.1233
637;20.8476;107.5413;0.1390
638;0.7934;106.3274;-0.0499
639;2.0388;106.3243;-0.0406
640;3.4251;106.3213;-0.0279
641;4.8352;106.3221;-0.0172
642;6.2543;106.3234;-0.0028
643;7.6765;106.3261;0.0070
644;9.1016;106.3280;0.0208
645;10.5280;106.3305;0.0365
646;11.9557;106.3319;0.0471
647;13.3836;106.3336;0.0637
648;14.8126;106.3351;0.0756
649;16.2368;106.3359;0.0902
650;17.6496;106.3362;0.1088
651;19.0514;106.3375;0.1192
652;20.4623;106.3069;0.1346
653;1.2013;105.0779;-0.0472
654;2.6769;105.1233;-0.0328
655;4.1091;105.1240;-0.0196
656;5.5325;105.1238;-0.0090
657;6.9549;105.1247;0.0051
658;8.3789;105.1268;0.0140
659;9.8052;105.1285;0.0285
660;11.2309;105.1296;0.0442
661;12.6603;105.1301;0.0566
662;14.0884;105.1316;0.0725
663;15.5137;105.1321;0.0890
664;16.9271;105.1322;0.1015
665;18.3081;105.1326;0.1149
666;19.6190;105.1227;0.1294
667;20.7869;105.0350;0.1423
668;0.8348;103.7953;-0.0478
669;2.0673;103.9105;-0.0382
670;3.4236;103.9249;-0.0252
671;4.8215;103.9246;-0.0120
672;6.2361;103.9237;-0.0005
673;7.6586;103.9251;0.0100
674;9.0836;103.9263;0.0218
675;10.5090;103.9263;0.0369
676;11.9365;103.9271;0.0515
677;13.3646;103.9279;0.0670
678;14.7921;103.9283;0.0832
679;16.2151;103.9278;0.0947
680;17.6196;103.9258;0.1073
681;18.9955;103.9195;0.1226
682;20.3564;103.8859;0.1377
683;1.2824;102.6702;-0.0428
684;2.6997;102.7148;-0.0301
685;4.1061;102.7233;-0.0197
686;5.5182;102.7235;-0.0055
687;6.9371;102.7238;0.0083
688;8.3611;102.7242;0.0214
689;9.7860;102.7247;0.0353
690;11.2128;102.7253;0.0498
691;12.6407;102.7250;0.0612
692;14.0697;102.7255;0.0745
693;15.4945;102.7246;0.0916
694;16.9089;102.7228;0.1044
695;18.2933;102.7187;0.1151
696;19.6259;102.7146;0.1318
697;20.9007;102.7078;0.1442
698;0.6831;101.4993;-0.0454
699;2.0248;101.5136;-0.0342
700;3.4030;101.5200;-0.0239
701;4.8055;101.5230;-0.0136
702;6.2186;101.5237;0.0024
703;7.6392;101.5243;0.0157
704;9.0630;101.5229;0.0291
705;10.4897;101.5219;0.0424
706;11.9176;101.5226;0.0548
707;13.3464;101.5222;0.0683
708;14.7749;101.5220;0.0814
709;16.1967;101.5194;0.0957
710;17.6016;101.5145;0.1133
711;18.9798;101.5146;0.1262
712;20.3448;101.5399;0.1416
713;1.2613;100.3452;-0.0372
714;2.6812;100.3209;-0.0248
715;4.0875;100.3212;-0.0150
716;5.5001;100.3220;-0.0025
717;6.9188;100.3224;0.0106
718;8.3420;100.3221;0.0255
719;9.7671;100.3205;0.0353
720;11.1939;100.3203;0.0505
721;12.6229;100.3192;0.0634
722;14.0518;100.3191;0.0764
723;15.4774;100.3164;0.0904
724;16.8915;100.3113;0.1057
725;18.2739;100.3046;0.1242
726;19.5910;100.3099;0.1363
727;20.7686;100.3911;0.1473
728;0.7956;99.2149;-0.0399
729;2.0296;99.1217;-0.0299
730;3.3881;99.1181;-0.0224
731;4.7861;99.1212;-0.0063
732;6.1998;99.1220;0.0049
733;7.6205;99.1210;0.0173
734;9.0450;99.1198;0.0306
735;10.4718;99.1197;0.0433
736;11.8985;99.1180;0.0585
737;13.3280;99.1160;0.0722
738;14.7565;99.1143;0.0847
739;16.1815;99.1106;0.1003
740;17.5972;99.1049;0.1147
741;19.0032;99.1000;0.1301
742;20.4271;99.1285;0.1446
743;1.1418;97.9479;-0.0366
744;2.6222;97.9196;-0.0245
745;4.0545;97.9210;-0.0126
746;5.4766;97.9220;0.0006
747;6.8986;97.9208;0.0114
748;8.3226;97.9192;0.0278
749;9.7490;97.9178;0.0366
750;11.1758;97.9166;0.0528
751;12.6039;97.9140;0.0675
752;14.0329;97.9123;0.0786
753;15.4598;97.9090;0.0917
754;16.8785;97.9056;0.1067
755;18.2724;97.9000;0.1210
756;19.6125;97.8921;0.1357
757;20.7912;97.8942;0.1496
758;0.7511;96.7084;-0.0368
759;1.9765;96.7163;-0.0251
760;3.3524;96.7234;-0.0161
761;4.7603;96.7231;-0.0013
762;6.1779;96.7214;0.0101
763;7.6002;96.7199;0.0220
764;9.0261;96.7175;0.0348
765;10.4520;96.7153;0.0472
766;11.8789;96.7128;0.0639
767;13.3085;96.7102;0.0757
768;14.7376;96.7080;0.0883
769;16.1631;96.7047;0.1026
770;17.5781;96.7004;0.1179
771;18.9827;96.6915;0.1322
772;20.4041;96.6355;0.1491
773;1.1382;95.4574;-0.0325
774;2.6077;95.5208;-0.0180
775;4.0373;95.5253;-0.0083
776;5.4574;95.5226;0.0071
777;6.8782;95.5205;0.0184
778;8.3034;95.5180;0.0310
779;9.7292;95.5146;0.0433
780;11.1564;95.5119;0.0578
781;12.5848;95.5098;0.0707
782;14.0144;95.5066;0.0835
783;15.4403;95.5016;0.0976
784;16.8553;95.4986;0.1143
785;18.2395;95.4926;0.1270
786;19.5579;95.4661;0.1417
787;20.7325;95.3380;0.1544
788;0.7701;94.1604;-0.0313
789;1.9956;94.3014;-0.0215
790;3.3503;94.3250;-0.0083
791;4.7476;94.3245;0.0014
792;6.1612;94.3212;0.0133
793;7.5826;94.3177;0.0259
794;9.0067;94.3145;0.0396
795;10.4328;94.3115;0.0533
796;11.8616;94.3082;0.0641
797;13.2905;94.3047;0.0784
798;14.7189;94.2997;0.0915
799;16.1416;94.2949;0.1067
800;17.5494;94.2880;0.1221
801;18.9307;94.2707;0.1370
802;20.3028;94.2061;0.1483
803;1.2120;93.0461;-0.0292
804;2.6272;93.1125;-0.0146
805;4.0307;93.1231;-0.0028
806;5.4434;93.1223;0.0109
807;6.8606;93.1185;0.0238
808;8.2842;93.1148;0.0343
809;9.7097;93.1111;0.0462
810;11.1374;93.1069;0.0604
811;12.5659;93.1034;0.0735
812;13.9956;93.0986;0.0847
813;15.4210;93.0941;0.1031
814;16.8377;93.0866;0.1155
815;18.2279;93.0755;0.1275
816;19.5688;93.0556;0.1477
817;20.8568;92.9965;0.1562
818;0.6130;91.8481;-0.0288
819;1.9529;91.9055;-0.0206
820;3.3291;91.9211;-0.0084
821;4.7284;91.9226;0.0055
822;6.1423;91.9195;0.0175
823;7.5628;91.9148;0.0312
824;8.9874;91.9111;0.0428
825;10.4136;91.9073;0.0579
826;11.8410;91.9028;0.0702
827;13.2708;91.8983;0.0807
828;14.7003;91.8932;0.0950
829;16.1233;91.8861;0.1136
830;17.5336;91.8768;0.1233
831;18.9193;91.8655;0.1398
832;20.2989;91.8626;0.1555
833;1.1913;90.7294;-0.0225
834;2.6069;90.7200;-0.0119
835;4.0119;90.7232;0.0008
836;5.4233;90.7209;0.0115
837;6.8427;90.7160;0.0221
838;8.2655;90.7121;0.0379
839;9.6909;90.7082;0.0512
840;11.1179;90.7026;0.0650
841;12.5463;90.6967;0.0781
842;13.9769;90.6918;0.0907
843;15.4034;90.6863;0.1055
844;16.8195;90.6777;0.1208
845;18.2083;90.6653;0.1335
846;19.5375;90.6523;0.1494
847;20.7329;90.6985;0.1614
848;0.6924;89.6211;-0.0258
849;1.9442;89.5171;-0.0127
850;3.3107;89.5213;-0.0019
851;4.7095;89.5217;0.0063
852;6.1236;89.5190;0.0180
853;7.5448;89.5128;0.0292
854;8.9673;89.5083;0.0441
855;10.3947;89.5027;0.0582
856;11.8236;89.4969;0.0720
857;13.2522;89.4911;0.0893
858;14.6817;89.4851;0.0987
859;16.1071;89.4779;0.1166
860;17.5263;89.4693;0.1285
861;18.9374;89.4621;0.1456
862;20.3815;89.4606;0.1600
863;1.0623;88.3416;-0.0204
864;2.5504;88.3307;-0.0067
865;3.9810;88.3251;0.0037
866;5.4008;88.3208;0.0154
867;6.8225;88.3156;0.0301
868;8.2459;88.3086;0.0402
869;9.6717;88.3032;0.0537
870;11.0991;88.2979;0.0684
871;12.5277;88.2918;0.0808
872;13.9576;88.2849;0.0930
873;15.3851;88.2784;0.1092
874;16.8024;88.2708;0.1282
875;18.1934;88.2648;0.1402
876;19.5250;88.2671;0.1544
877;20.7193;88.2154;0.1647
878;0.7013;87.0880;-0.0206
879;1.9326;87.1469;-0.0115
880;3.2921;87.1329;-0.0004
881;4.6896;87.1237;0.0113
882;6.1039;87.1174;0.0250
883;7.5248;87.1121;0.0375
884;8.9495;87.1048;0.0484
885;10.3760;87.0990;0.0631
886;11.8038;87.0924;0.0789
887;13.2334;87.0852;0.0903
888;14.6625;87.0786;0.1047
889;16.0869;87.0705;0.1198
890;17.5001;87.0624;0.1324
891;18.8901;87.0585;0.1467
892;20.2736;87.0536;0.1620
893;1.1511;85.9401;-0.0166
894;2.5669;85.9378;-0.0025
895;3.9723;85.9280;0.0096
896;5.3840;85.9202;0.0213
897;6.8036;85.9148;0.0319
898;8.2263;85.9067;0.0450
899;9.6525;85.8991;0.0572
900;11.0802;85.8940;0.0714
901;12.5087;85.8860;0.0869
902;13.9390;85.8789;0.1015
903;15.3657;85.8714;0.1120
904;16.7846;85.8622;0.1263
905;18.1772;85.8557;0.1405
906;19.5266;85.8647;0.1558
907;20.8225;85.9110;0.1715
908;0.5642;84.8097;-0.0197
909;1.8969;84.7543;-0.0062
910;3.2700;84.7337;0.0064
911;4.6704;84.7239;0.0169
912;6.0839;84.7173;0.0266
913;7.5053;84.7101;0.0370
914;8.9295;84.7019;0.0524
915;10.3564;84.6944;0.0662
916;11.7849;84.6878;0.0816
917;13.2151;84.6804;0.0934
918;14.6436;84.6707;0.1069
919;16.0682;84.6618;0.1230
920;17.4799;84.6527;0.1364
921;18.8688;84.6550;0.1484
922;20.2517;84.7104;0.1644
923;1.1392;83.6137;-0.0139
924;2.5507;83.5457;0.0024
925;3.9548;83.5279;0.0135
926;5.3664;83.5205;0.0246
927;6.7846;83.5124;0.0348
928;8.2081;83.5042;0.0462
929;9.6342;83.4971;0.0581
930;11.0607;83.4881;0.0738
931;12.4900;83.4802;0.0895
932;13.9202;83.4713;0.1028
933;15.3474;83.4617;0.1162
934;16.7642;83.4505;0.1348
935;18.1550;83.4420;0.1471
936;19.4857;83.4578;0.1610
937;20.6766;83.5810;0.1723
938;0.6834;82.5019;-0.0161
939;1.9058;82.3624;-0.0066
940;3.2576;82.3320;0.0048
941;4.6528;82.3231;0.0179
942;6.0654;82.3155;0.0304
943;7.4857;82.3073;0.0461
944;8.9113;82.2989;0.0558
945;10.3376;82.2903;0.0694
946;11.7665;82.2814;0.0817
947;13.1966;82.2722;0.0944
948;14.6259;82.2635;0.1115
949;16.0534;82.2526;0.1249
950;17.4720;82.2401;0.1449
951;18.8892;82.2370;0.1559
952;20.3297;82.2890;0.1724
953;1.0313;81.2121;-0.0129
954;2.4976;81.1427;0.0029
955;3.9242;81.1274;0.0127
956;5.3434;81.1199;0.0280
957;6.7640;81.1105;0.0375
958;8.1879;81.1011;0.0540
959;9.6145;81.0920;0.0642
960;11.0429;81.0836;0.0760
961;12.4716;81.0746;0.0911
962;13.9014;81.0651;0.1060
963;15.3298;81.0531;0.1221
964;16.7516;81.0432;0.1365
965;18.1551;81.0345;0.1529
966;19.5101;81.0345;0.1696
967;20.7099;81.0258;0.1800
968;0.6264;79.9585;-0.0183
969;1.8498;79.9526;-0.0044
970;3.2217;79.9353;0.0080
971;4.6291;79.9247;0.0179
972;6.0443;79.9153;0.0318
973;7.4658;79.9063;0.0479
974;8.8915;79.8965;0.0604
975;10.3181;79.8872;0.0739
976;11.7469;79.8769;0.0867
977;13.1772;79.8669;0.0999
978;14.6072;79.8568;0.1173
979;16.0351;79.8459;0.1316
980;17.4577;79.8362;0.1471
981;18.8763;79.8281;0.1610
982;20.3195;79.7890;0.1770
983;1.0101;78.7184;-0.0088
984;2.4761;78.7440;0.0014
985;3.9028;78.7312;0.0141
986;5.3230;78.7204;0.0297
987;6.7452;78.7090;0.0414
988;8.1690;78.6992;0.0554
989;9.5960;78.6899;0.0652
990;11.0234;78.6791;0.0781
991;12.4527;78.6689;0.0942
992;13.8822;78.6590;0.1096
993;15.3108;78.6475;0.1232
994;16.7311;78.6375;0.1391
995;18.1255;78.6267;0.1526
996;19.4611;78.6103;0.1662
997;20.6599;78.5175;0.1814
998;0.6429;77.4511;-0.0080
999;1.8685;77.5405;0.0017
1000;3.2185;77.5382;0.0123
1001;4.6139;77.5253;0.0266
1002;6.0271;77.5146;0.0361
1003;7.4469;77.5046;0.0532
1004;8.8727;77.4930;0.0641
1005;10.2996;77.4822;0.0759
1006;11.7281;77.4712;0.0931
1007;13.1581;77.4603;0.1063
1008;14.5873;77.4493;0.1217
1009;16.0137;77.4377;0.1350
1010;17.4296;77.4248;0.1488
1011;18.8245;77.4086;0.1610
1012;20.2150;77.3729;0.1775
1013;1.0863;76.3149;-0.0049
1014;2.4971;76.3372;0.0097
1015;3.8990;76.3299;0.0200
1016;5.3095;76.3198;0.0334
1017;6.7270;76.3089;0.0483
1018;8.1494;76.2975;0.0589
1019;9.5767;76.2853;0.0702
1020;11.0041;76.2741;0.0873
1021;12.4331;76.2626;0.1003
1022;13.8639;76.2499;0.1154
1023;15.2925;76.2386;0.1286
1024;16.7119;76.2271;0.1438
1025;18.1099;76.2133;0.1603
1026;19.4682;76.2017;0.1707
1027;20.7738;76.1992;0.1879
1028;0.4972;75.1572;-0.0044
1029;1.8266;75.1454;0.0079
1030;3.1980;75.1351;0.0144
1031;4.5957;75.1246;0.0281
1032;6.0085;75.1139;0.0441
1033;7.4288;75.1024;0.0571
1034;8.8535;75.0900;0.0700
1035;10.2800;75.0781;0.0840
1036;11.7098;75.0657;0.0946
1037;13.1386;75.0534;0.1095
1038;14.5687;75.0408;0.1258
1039;15.9961;75.0271;0.1380
1040;17.4100;75.0141;0.1558
1041;18.8060;75.0026;0.1689
1042;20.2015;75.0249;0.1807
1043;1.0706;73.9892;-0.0012
1044;2.4805;73.9434;0.0120
1045;3.8803;73.9295;0.0237
1046;5.2911;73.9182;0.0402
1047;6.7086;73.9057;0.0516
1048;8.1316;73.8954;0.0621
1049;9.5567;73.8824;0.0780
1050;10.9862;73.8696;0.0830
1051;12.4145;73.8569;0.1044
1052;13.8444;73.8433;0.1189
1053;15.2741;73.8294;0.1280
1054;16.6924;73.8153;0.1474
1055;18.0877;73.7982;0.1624
1056;19.4296;73.7954;0.1742
1057;20.6367;73.8830;0.1869
1058;0.6100;72.8637;-0.0023
1059;1.8336;72.7528;0.0083
1060;3.1834;72.7327;0.0208
1061;4.5772;72.7227;0.0338
1062;5.9892;72.7117;0.0459
1063;7.4100;72.6984;0.0588
1064;8.8346;72.6865;0.0709
1065;10.2634;72.6743;0.0796
1066;11.6911;72.6606;0.0972
1067;13.1196;72.6474;0.1157
1068;14.5504;72.6339;0.1274
1069;15.9794;72.6187;0.1395
1070;17.4024;72.6022;0.1588
1071;18.8274;72.5871;0.1704
1072;20.2810;72.6141;0.1866
1073;0.9585;71.5940;-0.0002
1074;2.4232;71.5407;0.0163
1075;3.8477;71.5280;0.0284
1076;5.2676;71.5181;0.0382
1077;6.6879;71.5050;0.0536
1078;8.1121;71.4914;0.0671
1079;9.5384;71.4783;0.0807
1080;10.9667;71.4648;0.0937
1081;12.3951;71.4515;0.1098
1082;13.8259;71.4380;0.1240
1083;15.2560;71.4227;0.1335
1084;16.6796;71.4075;0.1498
1085;18.0880;71.3900;0.1610
1086;19.4529;71.3737;0.1770
1087;20.6631;71.3735;0.1923
1088;0.5591;70.3628;-0.0033
1089;1.7791;70.3465;0.0092
1090;3.1492;70.3369;0.0189
1091;4.5529;70.3245;0.0307
1092;5.9680;70.3120;0.0484
1093;7.3899;70.2974;0.0629
1094;8.8155;70.2831;0.0772
1095;10.2431;70.2689;0.0885
1096;11.6713;70.2558;0.1039
1097;13.1015;70.2418;0.1172
1098;14.5328;70.2273;0.1320
1099;15.9614;70.2126;0.1449
1100;17.3870;70.1960;0.1595
1101;18.8111;70.1779;0.1742
1102;20.2659;70.1142;0.1917
1103;0.9446;69.1016;0.0027
1104;2.4062;69.1423;0.0169
1105;3.8298;69.1330;0.0296
1106;5.2489;69.1188;0.0411
1107;6.6692;69.1040;0.0562
1108;8.0934;69.0901;0.0712
1109;9.5207;69.0738;0.0816
1110;10.9479;69.0596;0.0979
1111;12.3773;69.0450;0.1107
1112;13.8078;69.0309;0.1264
1113;15.2370;69.0157;0.1373
1114;16.6573;68.9999;0.1525
1115;18.0549;68.9826;0.1704
1116;19.3984;68.9486;0.1842
1117;20.6034;68.8149;0.1986
1118;0.5832;67.8130;0.0037
1119;1.7996;67.9314;0.0160
1120;3.1476;67.9400;0.0269
1121;4.5410;67.9264;0.0371
1122;5.9525;67.9109;0.0515
1123;7.3727;67.8963;0.0608
1124;8.7969;67.8811;0.0761
1125;10.2248;67.8654;0.0898
1126;11.6542;67.8493;0.1010
1127;13.0838;67.8329;0.1186
1128;14.5134;67.8179;0.1339
1129;15.9401;67.8025;0.1488
1130;17.3573;67.7844;0.1676
1131;18.7591;67.7575;0.1747
1132;20.1576;67.6875;0.1927
1133;1.0210;66.6889;0.0091
1134;2.4272;66.7342;0.0201
1135;3.8258;66.7312;0.0327
1136;5.2359;66.7177;0.0427
1137;6.6525;66.7028;0.0558
1138;8.0755;66.6867;0.0694
1139;9.5015;66.6708;0.0863
1140;10.9294;66.6545;0.1001
1141;12.3591;66.6382;0.1135
1142;13.7897;66.6226;0.1240
1143;15.2187;66.6053;0.1418
1144;16.6412;66.5878;0.1582
1145;18.0422;66.5671;0.1721
1146;19.4076;66.5385;0.1858
1147;20.7292;66.4832;0.2016
1148;0.4300;65.5054;0.0042
1149;1.7571;65.5347;0.0157
1150;3.1261;65.5346;0.0294
1151;4.5218;65.5232;0.0416
1152;5.9344;65.5085;0.0498
1153;7.3539;65.4932;0.0651
1154;8.7773;65.4773;0.0813
1155;10.2057;65.4604;0.0961
1156;11.6338;65.4447;0.1084
1157;13.0659;65.4283;0.1182
1158;14.4940;65.4121;0.1366
1159;15.9219;65.3944;0.1529
1160;17.3407;65.3733;0.1657
1161;18.7452;65.3509;0.1808
1162;20.1522;65.3445;0.1941
1163;0.9990;64.3646;0.0087
1164;2.4067;64.3404;0.0232
1165;3.8065;64.3300;0.0350
1166;5.2159;64.3155;0.0477
1167;6.6338;64.2994;0.0613
1168;8.0560;64.2835;0.0753
1169;9.4822;64.2681;0.0894
1170;10.9108;64.2504;0.1010
1171;12.3407;64.2331;0.1170
1172;13.7716;64.2153;0.1307
1173;15.2002;64.1987;0.1489
1174;16.6235;64.1777;0.1600
1175;18.0247;64.1554;0.1745
1176;19.3777;64.1330;0.1914
1177;20.5995;64.1877;0.2008
1178;0.5355;63.2238;0.0055
1179;1.7562;63.1423;0.0163
1180;3.1088;63.1350;0.0284
1181;4.5024;63.1218;0.0425
1182;5.9146;63.1067;0.0554
1183;7.3346;63.0905;0.0690
1184;8.7599;63.0738;0.0837
1185;10.1878;63.0576;0.0929
1186;11.6162;63.0397;0.1120
1187;13.0475;63.0200;0.1250
1188;14.4776;63.0029;0.1396
1189;15.9078;62.9850;0.1528
1190;17.3350;62.9644;0.1699
1191;18.7655;62.9462;0.1833
1192;20.2436;62.9367;0.2055
1193;0.8709;61.9627;0.0126
1194;2.3507;61.9485;0.0205
1195;3.7759;61.9307;0.0351
1196;5.1929;61.9147;0.0521
1197;6.6135;61.8982;0.0626
1198;8.0372;61.8808;0.0776
1199;9.4638;61.8624;0.0888
1200;10.8918;61.8452;0.1046
1201;12.3213;61.8271;0.1218
1202;13.7532;61.8084;0.1340
1203;15.1833;61.7903;0.1482
1204;16.6080;61.7726;0.1605
1205;18.0120;61.7544;0.1780
1206;19.3695;61.7480;0.1924
1207;20.5950;61.6841;0.2069
1208;0.4845;60.6824;0.0100
1209;1.7271;60.7704;0.0202
1210;3.0859;60.7454;0.0318
1211;4.4821;60.7258;0.0482
1212;5.8951;60.7077;0.0579
1213;7.3157;60.6892;0.0720
1214;8.7397;60.6701;0.0873
1215;10.1683;60.6511;0.1003
1216;11.5978;60.6337;0.1126
1217;13.0284;60.6159;0.1264
1218;14.4596;60.5953;0.1404
1219;15.8891;60.5763;0.1568
1220;17.3104;60.5580;0.1692
1221;18.7177;60.5430;0.1870
1222;20.1310;60.5299;0.2009
1223;0.9662;59.5691;0.0164
1224;2.3692;59.5574;0.0284
1225;3.7682;59.5349;0.0410
1226;5.1782;59.5163;0.0522
1227;6.5959;59.4974;0.0681
1228;8.0191;59.4783;0.0785
1229;9.4463;59.4578;0.0911
1230;10.8738;59.4406;0.1064
1231;12.3046;59.4201;0.1191
1232;13.7359;59.4012;0.1364
1233;15.1659;59.3809;0.1500
1234;16.5905;59.3618;0.1638
1235;17.9959;59.3456;0.1812
1236;19.3698;59.3454;0.1936
1237;20.6969;59.3983;0.2130
1238;0.3801;58.4643;0.0095
1239;1.7038;58.3801;0.0224
1240;3.0698;58.3476;0.0342
1241;4.4663;58.3257;0.0439
1242;5.8775;58.3060;0.0578
1243;7.2983;58.2868;0.0731
1244;8.7223;58.2657;0.0876
1245;10.1511;58.2472;0.0979
1246;11.5799;58.2273;0.1153
1247;13.0099;58.2077;0.1315
1248;14.4396;58.1882;0.1486
1249;15.8700;58.1678;0.1596
1250;17.2907;58.1482;0.1759
1251;18.6983;58.1396;0.1885
1252;20.1088;58.1922;0.2051
1253;0.9517;57.2536;0.0166
1254;2.3544;57.1659;0.0305
1255;3.7517;57.1363;0.0439
1256;5.1606;57.1149;0.0535
1257;6.5780;57.0952;0.0664
1258;7.9993;57.0758;0.0848
1259;9.4261;57.0546;0.0955
1260;10.8553;57.0352;0.1067
1261;12.2848;57.0150;0.1250
1262;13.7174;56.9942;0.1383
1263;15.1454;56.9729;0.1573
1264;16.5700;56.9510;0.1716
1265;17.9731;56.9321;0.1835
1266;19.3277;56.9414;0.1964
1267;20.5466;57.0692;0.2159
1268;0.5022;56.1483;0.0161
1269;1.7116;55.9907;0.0299
1270;3.0576;55.9449;0.0391
1271;4.4479;55.9238;0.0548
1272;5.8600;55.9040;0.0623
1273;7.2788;55.8847;0.0805
1274;8.7048;55.8637;0.0884
1275;10.1313;55.8424;0.1037
1276;11.5617;55.8221;0.1197
1277;12.9919;55.8015;0.1327
1278;14.4231;55.7794;0.1485
1279;15.8541;55.7578;0.1660
1280;17.2833;55.7345;0.1802
1281;18.7173;55.7233;0.1973
1282;20.1868;55.7727;0.2099
1283;0.8463;54.8514;0.0189
1284;2.3008;54.7639;0.0308
1285;3.7211;54.7346;0.0480
1286;5.1372;54.7141;0.0611
1287;6.5592;54.6932;0.0662
1288;7.9819;54.6725;0.0874
1289;9.4084;54.6511;0.0987
1290;10.8366;54.6306;0.1131
1291;12.2670;54.6087;0.1256
1292;13.6982;54.5871;0.1424
1293;15.1305;54.5648;0.1578
1294;16.5570;54.5435;0.1758
1295;17.9733;54.5232;0.1928
1296;19.3525;54.5158;0.2040
1297;20.5744;54.5082;0.2195
1298;0.4462;53.6057;0.0186
1299;1.6579;53.5815;0.0285
1300;3.0214;53.5484;0.0440
1301;4.4226;53.5236;0.0569
1302;5.8390;53.5026;0.0668
1303;7.2599;53.4824;0.0811
1304;8.6860;53.4601;0.0904
1305;10.1138;53.4383;0.1083
1306;11.5421;53.4161;0.1236
1307;12.9731;53.3946;0.1359
1308;14.4050;53.3717;0.1536
1309;15.8381;53.3504;0.1686
1310;17.2696;53.3302;0.1845
1311;18.7087;53.3129;0.1962
1312;20.1842;53.2647;0.2129
1313;0.8200;52.3603;0.0219
1314;2.2776;52.3644;0.0362
1315;3.7002;52.3389;0.0490
1316;5.1188;52.3137;0.0618
1317;6.5387;52.2919;0.0773
1318;7.9633;52.2702;0.0871
1319;9.3897;52.2472;0.1035
1320;10.8178;52.2246;0.1221
1321;12.2478;52.2019;0.1327
1322;13.6788;52.1807;0.1475
1323;15.1117;52.1576;0.1616
1324;16.5362;52.1359;0.1770
1325;17.9441;52.1172;0.1914
1326;19.3020;52.0925;0.2066
1327;20.5327;51.9876;0.2194
1328;0.4581;51.1019;0.0215
1329;1.6748;51.1677;0.0315
1330;3.0185;51.1520;0.0414
1331;4.4099;51.1261;0.0574
1332;5.8222;51.1022;0.0690
1333;7.2424;51.0798;0.0829
1334;8.6672;51.0567;0.1015
1335;10.0945;51.0345;0.1130
1336;11.5244;51.0116;0.1244
1337;12.9559;50.9881;0.1437
1338;14.3859;50.9657;0.1612
1339;15.8159;50.9416;0.1759
1340;17.2396;50.9192;0.1901
1341;18.6507;50.8932;0.2051
1342;20.0713;50.8486;0.2152
1343;0.8994;49.9563;0.0258
1344;2.3010;49.9563;0.0391
1345;3.6968;49.9359;0.0495
1346;5.1049;49.9129;0.0655
1347;6.5222;49.8904;0.0813
1348;7.9450;49.8672;0.0915
1349;9.3713;49.8438;0.1105
1350;10.7990;49.8195;0.1235
1351;12.2302;49.7961;0.1347
1352;13.6616;49.7736;0.1477
1353;15.0931;49.7490;0.1623
1354;16.5188;49.7249;0.1789
1355;17.9276;49.7017;0.1956
1356;19.3078;49.6828;0.2126
1357;20.6494;49.6833;0.2277
1358;0.3185;48.8118;0.0188
1359;1.6362;48.7720;0.0349
1360;3.0001;48.7467;0.0460
1361;4.3933;48.7236;0.0584
1362;5.8046;48.7004;0.0730
1363;7.2248;48.6766;0.0855
1364;8.6484;48.6525;0.0978
1365;10.0776;48.6283;0.1116
1366;11.5053;48.6048;0.1273
1367;12.9363;48.5817;0.1430
1368;14.3700;48.5575;0.1553
1369;15.7979;48.5317;0.1744
1370;17.2221;48.5063;0.1902
1371;18.6343;48.4879;0.2067
1372;20.0560;48.5099;0.2219
1373;0.8845;47.6279;0.0286
1374;2.2847;47.5632;0.0419
1375;3.6797;47.5344;0.0543
1376;5.0868;47.5107;0.0659
1377;6.5049;47.4879;0.0760
1378;7.9266;47.4635;0.0956
1379;9.3544;47.4397;0.1034
1380;10.7818;47.4155;0.1237
1381;12.2121;47.3897;0.1399
1382;13.6434;47.3660;0.1558
1383;15.0739;47.3398;0.1698
1384;16.4981;47.3133;0.1869
1385;17.9080;47.2864;0.1997
1386;19.2700;47.2770;0.2145
1387;20.5050;47.3724;0.2283
1388;0.4318;46.5090;0.0269
1389;1.6429;46.3804;0.0406
1390;2.9851;46.3443;0.0545
1391;4.3762;46.3216;0.0620
1392;5.7872;46.2987;0.0708
1393;7.2068;46.2746;0.0873
1394;8.6315;46.2496;0.1028
1395;10.0585;46.2261;0.1186
1396;11.4879;46.1998;0.1340
1397;12.9200;46.1748;0.1476
1398;14.3512;46.1499;0.1652
1399;15.7837;46.1221;0.1739
1400;17.2168;46.0944;0.1916
1401;18.6576;46.0706;0.2102
1402;20.1426;46.0921;0.2258
1403;0.7729;45.2289;0.0308
1404;2.2277;45.1605;0.0496
1405;3.6486;45.1339;0.0563
1406;5.0641;45.1105;0.0705
1407;6.4847;45.0854;0.0809
1408;7.9088;45.0608;0.0968
1409;9.3356;45.0354;0.1070
1410;10.7645;45.0100;0.1287
1411;12.1946;44.9841;0.1405
1412;13.6272;44.9590;0.1586
1413;15.0581;44.9333;0.1719
1414;16.4869;44.9060;0.1911
1415;17.9084;44.8795;0.2045
1416;19.3017;44.8543;0.2179
1417;20.5548;44.8308;0.2308
1418;0.3554;43.9902;0.0268
1419;1.5812;43.9739;0.0414
1420;2.9480;43.9491;0.0562
1421;4.3508;43.9227;0.0634
1422;5.7658;43.8979;0.0762
1423;7.1874;43.8719;0.0894
1424;8.6127;43.8468;0.1039
1425;10.0397;43.8209;0.1202
1426;11.4702;43.7946;0.1382
1427;12.9013;43.7676;0.1544
1428;14.3337;43.7420;0.1670
1429;15.7655;43.7162;0.1858
1430;17.1986;43.6911;0.2023
1431;18.6436;43.6604;0.2106
1432;20.1272;43.5833;0.2296
1433;0.7588;42.7408;0.0365
1434;2.2108;42.7635;0.0477
1435;3.6282;42.7392;0.0633
1436;5.0452;42.7108;0.0735
1437;6.4667;42.6848;0.0827
1438;7.8913;42.6584;0.1003
1439;9.3166;42.6312;0.1163
1440;10.7461;42.6046;0.1307
1441;12.1774;42.5783;0.1440
1442;13.6089;42.5520;0.1587
1443;15.0399;42.5242;0.1746
1444;16.4661;42.4992;0.1921
1445;17.8758;42.4718;0.2088
1446;19.2419;42.4281;0.2202
1447;20.4781;42.2837;0.2371
1448;0.4006;41.4665;0.0337
1449;1.6097;41.5600;0.0413
1450;2.9491;41.5512;0.0568
1451;4.3387;41.5254;0.0680
1452;5.7490;41.4978;0.0815
1453;7.1690;41.4698;0.0946
1454;8.5940;41.4427;0.1093
1455;10.0234;41.4157;0.1231
1456;11.4519;41.3892;0.1365
1457;12.8831;41.3621;0.1528
1458;14.3153;41.3341;0.1692
1459;15.7472;41.3074;0.1843
1460;17.1704;41.2777;0.2031
1461;18.5866;41.2402;0.2183
1462;20.0150;41.1622;0.2344
1463;0.8364;40.3308;0.0348
1464;2.2322;40.3542;0.0498
1465;3.6258;40.3362;0.0620
1466;5.0320;40.3103;0.0767
1467;6.4494;40.2830;0.0907
1468;7.8715;40.2557;0.1079
1469;9.2988;40.2282;0.1204
1470;10.7286;40.2007;0.1333
1471;12.1596;40.1731;0.1457
1472;13.5902;40.1447;0.1635
1473;15.0222;40.1165;0.1767
1474;16.4496;40.0873;0.1917
1475;17.8627;40.0545;0.2087
1476;19.2515;40.0162;0.2235
1477;20.6059;39.9651;0.2388
1478;0.2519;39.1597;0.0324
1479;1.5683;39.1628;0.0434
1480;2.9289;39.1468;0.0583
1481;4.3211;39.1223;0.0694
1482;5.7317;39.0951;0.0833
1483;7.1518;39.0678;0.0950
1484;8.5744;39.0403;0.1164
1485;10.0041;39.0121;0.1258
1486;11.4333;38.9837;0.1401
1487;12.8660;38.9551;0.1586
1488;14.2977;38.9264;0.1747
1489;15.7281;38.8970;0.1881
1490;17.1545;38.8670;0.2069
1491;18.5745;38.8338;0.2225
1492;20.0092;38.8215;0.2308
1493;0.8146;38.0035;0.0406
1494;2.2146;37.9603;0.0493
1495;3.6073;37.9355;0.0688
1496;5.0139;37.9087;0.0809
1497;6.4314;37.8807;0.0933
1498;7.8544;37.8527;0.1061
1499;9.2805;37.8241;0.1227
1500;10.7092;37.7958;0.1359
1501;12.1410;37.7665;0.1509
1502;13.5733;37.7379;0.1669
1503;15.0046;37.7080;0.1828
1504;16.4308;37.6764;0.1999
1505;17.8439;37.6433;0.2125
1506;19.2172;37.6108;0.2331
1507;20.4672;37.6708;0.2443
1508;0.3590;36.8706;0.0361
1509;1.5713;36.7718;0.0507
1510;2.9141;36.7452;0.0615
1511;4.3022;36.7214;0.0769
1512;5.7121;36.6945;0.0885
1513;7.1342;36.6657;0.1004
1514;8.5585;36.6368;0.1181
1515;9.9857;36.6075;0.1338
1516;11.4161;36.5784;0.1449
1517;12.8474;36.5493;0.1645
1518;14.2805;36.5193;0.1779
1519;15.7140;36.4884;0.1881
1520;17.1472;36.4567;0.2070
1521;18.5949;36.4275;0.2204
1522;20.1030;36.4071;0.2469
1523;0.6970;35.6082;0.0381
1524;2.1557;35.5597;0.0564
1525;3.5765;35.5350;0.0655
1526;4.9911;35.5085;0.0824
1527;6.4117;35.4796;0.0936
1528;7.8350;35.4504;0.1074
1529;9.2632;35.4207;0.1254
1530;10.6917;35.3908;0.1417
1531;12.1229;35.3606;0.1583
1532;13.5559;35.3305;0.1714
1533;14.9877;35.3003;0.1852
1534;16.4168;35.2691;0.1972
1535;17.8340;35.2415;0.2169
1536;19.2183;35.2254;0.2320
1537;20.4895;35.1167;0.2514
1538;0.3225;34.3785;0.0368
1539;1.5243;34.3687;0.0492
1540;2.8825;34.3525;0.0630
1541;4.2801;34.3241;0.0719
1542;5.6934;34.2947;0.0907
1543;7.1150;34.2642;0.1013
1544;8.5414;34.2336;0.1166
1545;9.9688;34.2040;0.1353
1546;11.3988;34.1728;0.1511
1547;12.8299;34.1426;0.1618
1548;14.2620;34.1116;0.1815
1549;15.6950;34.0794;0.1901
1550;17.1249;34.0490;0.2111
1551;18.5530;34.0182;0.2280
1552;19.9876;33.9956;0.2443
1553;0.7014;33.1280;0.0437
1554;2.1496;33.1691;0.0574
1555;3.5624;33.1415;0.0710
1556;4.9750;33.1104;0.0835
1557;6.3945;33.0789;0.0978
1558;7.8194;33.0476;0.1119
1559;9.2466;33.0164;0.1209
1560;10.6754;32.9858;0.1401
1561;12.1046;32.9543;0.1604
1562;13.5362;32.9236;0.1748
1563;14.9693;32.8926;0.1899
1564;16.4007;32.8601;0.2023
1565;17.8247;32.8275;0.2202
1566;19.2286;32.7944;0.2384
1567;20.5694;32.8654;0.2544
1568;0.3433;31.8446;0.0495
1569;1.5597;31.9797;0.0580
1570;2.8898;31.9584;0.0688
1571;4.2712;31.9264;0.0826
1572;5.6791;31.8945;0.0940
1573;7.0985;31.8627;0.1066
1574;8.5231;31.8307;0.1171
1575;9.9508;31.7996;0.1362
1576;11.3810;31.7680;0.1538
1577;12.8131;31.7365;0.1672
1578;14.2446;31.7046;0.1848
1579;15.6774;31.6731;0.2029
1580;17.1124;31.6399;0.2177
1581;18.5539;31.6074;0.2297
1582;20.0264;31.5783;0.2485
1583;0.8288;30.7968;0.0534
1584;2.1918;30.7677;0.0631
1585;3.5661;30.7389;0.0762
1586;4.9638;30.7093;0.0895
1587;6.3790;30.6772;0.1003
1588;7.8004;30.6454;0.1155
1589;9.2275;30.6137;0.1310
1590;10.6567;30.5821;0.1484
1591;12.0869;30.5495;0.1666
1592;13.5182;30.5177;0.1829
1593;14.9529;30.4847;0.1890
1594;16.3840;30.4523;0.2067
1595;17.8089;30.4205;0.2242
1596;19.2175;30.3920;0.2398
1597;20.5581;30.2726;0.2548
1598;0.3311;29.7789;0.0483
1599;1.5474;29.5845;0.0568
1600;2.8758;29.5482;0.0703
1601;4.2565;29.5217;0.0833
1602;5.6619;29.4922;0.0951
1603;7.0812;29.4604;0.1090
1604;8.5054;29.4282;0.1227
1605;9.9326;29.3952;0.1404
1606;11.3638;29.3639;0.1579
1607;12.7947;29.3300;0.1710
1608;14.2281;29.2970;0.1824
1609;15.6612;29.2636;0.1966
1610;17.0920;29.2313;0.2175
1611;18.5219;29.1980;0.2366
1612;19.9624;29.1586;0.2523
1613;0.6705;28.4846;0.0470
1614;2.1179;28.3718;0.0647
1615;3.5302;28.3359;0.0798
1616;4.9416;28.3070;0.0896
1617;6.3605;28.2760;0.1049
1618;7.7821;28.2431;0.1202
1619;9.2106;28.2100;0.1287
1620;10.6395;28.1775;0.1469
1621;12.0701;28.1445;0.1635
1622;13.5017;28.1109;0.1786
1623;14.9349;28.0761;0.1915
1624;16.3642;28.0429;0.2113
1625;17.7827;28.0066;0.2307
1626;19.1716;27.9616;0.2446
1627;20.4534;28.0174;0.2619
1628;0.2740;27.2509;0.0424
1629;1.4726;27.2050;0.0565
1630;2.8303;27.1566;0.0733
1631;4.2282;27.1233;0.0864
1632;5.6410;27.0922;0.0984
1633;7.0610;27.0591;0.1116
1634;8.4877;27.0249;0.1265
1635;9.9144;26.9917;0.1436
1636;11.3454;26.9569;0.1578
1637;12.7780;26.9234;0.1708
1638;14.2091;26.8905;0.1890
1639;15.6437;26.8563;0.2042
1640;17.0805;26.8218;0.2219
1641;18.5332;26.7851;0.2395
1642;20.0555;26.7434;0.2540
1643;0.6366;26.0033;0.0507
1644;2.0862;25.9840;0.0696
1645;3.5046;25.9431;0.0779
1646;4.9195;25.9090;0.0939
1647;6.3406;25.8749;0.1076
1648;7.7643;25.8414;0.1209
1649;9.1922;25.8071;0.1391
1650;10.6217;25.7722;0.1499
1651;12.0539;25.7369;0.1603
1652;13.4845;25.7035;0.1813
1653;14.9152;25.6694;0.2005
1654;16.3460;25.6349;0.2156
1655;17.7658;25.6026;0.2322
1656;19.1525;25.5733;0.2481
1657;20.4122;25.4633;0.2628
1658;0.2786;24.7589;0.0524
1659;1.4853;24.7982;0.0650
1660;2.8237;24.7638;0.0749
1661;4.2124;24.7268;0.0857
1662;5.6238;24.6918;0.1023
1663;7.0444;24.6570;0.1145
1664;8.4686;24.6228;0.1315
1665;9.8977;24.5876;0.1439
1666;11.3289;24.5530;0.1593
1667;12.7609;24.5180;0.1735
1668;14.1929;24.4826;0.1894
1669;15.6247;24.4468;0.2069
1670;17.0566;24.4125;0.2224
1671;18.4873;24.3779;0.2345
1672;19.9345;24.3302;0.2572
1673;0.7151;23.6018;0.0616
1674;2.1082;23.5785;0.0723
1675;3.5001;23.5445;0.0885
1676;4.9070;23.5088;0.0956
1677;6.3252;23.4738;0.1064
1678;7.7477;23.4385;0.1218
1679;9.1758;23.4021;0.1349
1680;10.6041;23.3675;0.1516
1681;12.0350;23.3332;0.1726
1682;13.4668;23.2971;0.1838
1683;14.9012;23.2602;0.1974
1684;16.3286;23.2256;0.2176
1685;17.7514;23.1901;0.2340
1686;19.1557;23.1659;0.2488
1687;20.5315;23.1688;0.2607
1688;0.1427;22.4713;0.0559
1689;1.4491;22.4048;0.0659
1690;2.8059;22.3630;0.0814
1691;4.1959;22.3272;0.0959
1692;5.6061;22.2905;0.1073
1693;7.0271;22.2554;0.1181
1694;8.4533;22.2197;0.1293
1695;9.8808;22.1828;0.1427
1696;11.3105;22.1472;0.1617
1697;12.7421;22.1115;0.1765
1698;14.1742;22.0749;0.1940
1699;15.6068;22.0383;0.2110
1700;17.0386;22.0028;0.2273
1701;18.4693;21.9753;0.2415
1702;19.9188;21.9945;0.2570
1703;0.7037;21.2724;0.0635
1704;2.0946;21.1877;0.0760
1705;3.4861;21.1450;0.0899
1706;4.8890;21.1093;0.1037
1707;6.3067;21.0725;0.1154
1708;7.7306;21.0359;0.1255
1709;9.1571;20.9998;0.1417
1710;10.5868;20.9641;0.1533
1711;12.0163;20.9266;0.1737
1712;13.4491;20.8901;0.1903
1713;14.8822;20.8515;0.1990
1714;16.3119;20.8134;0.2160
1715;17.7314;20.7776;0.2389
1716;19.1174;20.7608;0.2475
1717;20.3832;20.8649;0.2619
1718;0.2589;20.1612;0.0596
1719;1.4590;20.0137;0.0690
1720;2.7939;19.9607;0.0818
1721;4.1798;19.9256;0.0980
1722;5.5879;19.8903;0.1114
1723;7.0095;19.8543;0.1240
1724;8.4335;19.8173;0.1404
1725;9.8623;19.7812;0.1532
1726;11.2929;19.7433;0.1661
1727;12.7233;19.7052;0.1823
1728;14.1577;19.6671;0.1949
1729;15.5927;19.6292;0.2126
1730;17.0321;19.5903;0.2304
1731;18.4932;19.5565;0.2438
1732;20.0101;19.5779;0.2618
1733;0.6000;18.8779;0.0620
1734;2.0412;18.7858;0.0781
1735;3.4549;18.7434;0.0919
1736;4.8677;18.7066;0.1068
1737;6.2871;18.6718;0.1199
1738;7.7120;18.6351;0.1377
1739;9.1385;18.5964;0.1482
1740;10.5687;18.5590;0.1581
1741;11.9986;18.5214;0.1757
1742;13.4315;18.4831;0.1895
1743;14.8662;18.4452;0.2014
1744;16.3005;18.4062;0.2220
1745;17.7346;18.3699;0.2385
1746;19.1516;18.3373;0.2579
1747;20.4284;18.3087;0.2724
1748;0.1904;17.6641;0.0597
1749;1.3997;17.6085;0.0740
1750;2.7591;17.5658;0.0915
1751;4.1563;17.5272;0.1020
1752;5.5680;17.4898;0.1125
1753;6.9896;17.4532;0.1314
1754;8.4152;17.4153;0.1438
1755;9.8451;17.3752;0.1554
1756;11.2743;17.3391;0.1699
1757;12.7062;17.2995;0.1863
1758;14.1384;17.2606;0.2021
1759;15.5767;17.2230;0.2166
1760;17.0192;17.1849;0.2297
1761;18.4808;17.1466;0.2509
1762;19.9993;17.0592;0.2661
1763;0.5768;16.3950;0.0658
1764;2.0204;16.3889;0.0839
1765;3.4353;16.3492;0.0963
1766;4.8497;16.3099;0.1098
1767;6.2692;16.2715;0.1221
1768;7.6936;16.2326;0.1397
1769;9.1210;16.1941;0.1527
1770;10.5503;16.1548;0.1651
1771;11.9813;16.1156;0.1806
1772;13.4136;16.0760;0.1944
1773;14.8459;16.0385;0.2119
1774;16.2795;16.0013;0.2275
1775;17.7037;15.9632;0.2436
1776;19.0939;15.9103;0.2582
1777;20.3613;15.7561;0.2739
1778;0.2242;15.1288;0.0626
1779;1.4234;15.1960;0.0771
1780;2.7574;15.1693;0.0869
1781;4.1444;15.1301;0.1067
1782;5.5530;15.0901;0.1169
1783;6.9729;15.0514;0.1324
1784;8.3989;15.0116;0.1457
1785;9.8267;14.9731;0.1636
1786;11.2565;14.9322;0.1737
1787;12.6891;14.8934;0.1873
1788;14.1206;14.8533;0.2068
1789;15.5567;14.8139;0.2186
1790;16.9922;14.7749;0.2356
1791;18.4254;14.7270;0.2501
1792;19.8829;14.6409;0.2715
1793;0.6534;13.9821;0.0743
1794;2.0440;13.9805;0.0841
1795;3.4311;13.9474;0.0992
1796;4.8353;13.9094;0.1144
1797;6.2522;13.8710;0.1296
1798;7.6756;13.8311;0.1429
1799;9.1032;13.7908;0.1562
1800;10.5327;13.7503;0.1714
1801;11.9650;13.7095;0.1817
1802;13.3966;13.6702;0.1967
1803;14.8296;13.6298;0.2140
1804;16.2621;13.5902;0.2305
1805;17.6890;13.5470;0.2448
1806;19.1005;13.4994;0.2613
1807;20.4888;13.4501;0.2786
1808;0.0783;12.8223;0.0656
1809;1.3831;12.7997;0.0812
1810;2.7375;12.7654;0.0921
1811;4.1255;12.7289;0.1082
1812;5.5347;12.6896;0.1226
1813;6.9561;12.6492;0.1346
1814;8.3805;12.6092;0.1490
1815;9.8093;12.5680;0.1593
1816;11.2390;12.5277;0.1781
1817;12.6718;12.4869;0.1865
1818;14.1046;12.4456;0.2027
1819;15.5379;12.4058;0.2220
1820;16.9725;12.3646;0.2410
1821;18.4093;12.3208;0.2556
1822;19.8732;12.3069;0.2748
1823;0.6363;11.6518;0.0731
1824;2.0259;11.5876;0.0865
1825;3.4147;11.5476;0.1027
1826;4.8181;11.5088;0.1167
1827;6.2349;11.4681;0.1286
1828;7.6600;11.4287;0.1401
1829;9.0852;11.3870;0.1573
1830;10.5156;11.3466;0.1724
1831;11.9452;11.3048;0.1885
1832;13.3787;11.2636;0.1993
1833;14.8123;11.2226;0.2173
1834;16.2440;11.1802;0.2298
1835;17.6696;11.1354;0.2498
1836;19.0684;11.0960;0.2659
1837;20.3470;11.1630;0.2800
1838;0.1862;10.5259;0.0704
1839;1.3876;10.4083;0.0847
1840;2.7227;10.3644;0.0924
1841;4.1068;10.3276;0.1129
1842;5.5158;10.2894;0.1258
1843;6.9366;10.2477;0.1399
1844;8.3627;10.2075;0.1548
1845;9.7908;10.1652;0.1663
1846;11.2216;10.1234;0.1808
1847;12.6527;10.0818;0.1981
1848;14.0872;10.0399;0.2110
1849;15.5232;9.9975;0.2239
1850;16.9672;9.9544;0.2410
1851;18.4317;9.9154;0.2628
1852;19.9714;9.8948;0.2783
1853;0.5262;9.2589;0.0742
1854;1.9695;9.1883;0.0905
1855;3.3822;9.1480;0.1093
1856;4.7941;9.1087;0.1214
1857;6.2159;9.0680;0.1295
1858;7.6406;9.0268;0.1473
1859;9.0683;8.9844;0.1591
1860;10.4979;8.9419;0.1781
1861;11.9279;8.9000;0.1926
1862;13.3613;8.8578;0.2041
1863;14.7953;8.8148;0.2206
1864;16.2314;8.7716;0.2389
1865;17.6618;8.7324;0.2543
1866;19.0700;8.7124;0.2688
1867;20.3724;8.6077;0.2875
1868;0.1416;8.0363;0.0750
1869;1.3383;8.0044;0.0868
1870;2.6882;7.9700;0.1015
1871;4.0825;7.9299;0.1164
1872;5.4958;7.8893;0.1303
1873;6.9192;7.8459;0.1408
1874;8.3438;7.8036;0.1595
1875;9.7725;7.7621;0.1743
1876;11.2023;7.7190;0.1890
1877;12.6344;7.6748;0.2030
1878;14.0695;7.6334;0.2137
1879;15.5052;7.5891;0.2298
1880;16.9448;7.5459;0.2469
1881;18.3940;7.5073;0.2654
1882;19.8602;7.4817;0.2781
1883;0.5185;6.7761;0.0822
1884;1.9554;6.7899;0.0943
1885;3.3657;6.7534;0.1104
1886;4.7774;6.7115;0.1239
1887;6.1976;6.6673;0.1399
1888;7.6210;6.6244;0.1538
1889;9.0493;6.5820;0.1659
1890;10.4783;6.5378;0.1816
1891;11.9092;6.4945;0.1979
1892;13.3438;6.4514;0.2103
1893;14.7771;6.4081;0.2246
1894;16.2148;6.3642;0.2418
1895;17.6540;6.3196;0.2569
1896;19.0853;6.2795;0.2708
1897;20.4571;6.3520;0.2856
1898;0.1627;5.4959;0.0815
1899;1.3552;5.5898;0.0875
1900;2.6868;5.5741;0.1051
1901;4.0727;5.5344;0.1173
1902;5.4818;5.4913;0.1338
1903;6.9003;5.4482;0.1480
1904;8.3256;5.4033;0.1626
1905;9.7536;5.3599;0.1762
1906;11.1847;5.3159;0.1884
1907;12.6161;5.2719;0.2051
1908;14.0513;5.2276;0.2186
1909;15.4882;5.1840;0.2366
1910;16.9327;5.1396;0.2542
1911;18.3954;5.0966;0.2649
1912;19.8990;5.0644;0.2851
1913;0.5860;4.3663;0.0842
1914;1.9715;4.3889;0.0983
1915;3.3606;4.3604;0.1159
1916;4.7645;4.3190;0.1257
1917;6.1800;4.2765;0.1413
1918;7.6037;4.2316;0.1560
1919;9.0293;4.1876;0.1741
1920;10.4592;4.1431;0.1868
1921;11.8910;4.1000;0.1976
1922;13.3242;4.0551;0.2129
1923;14.7602;4.0101;0.2285
1924;16.1985;3.9663;0.2483
1925;17.6406;3.9237;0.2611
1926;19.0740;3.8858;0.2704
1927;20.4467;3.7607;0.2908
1928;0.0009;3.1888;0.0817
1929;1.3073;3.2207;0.0996
1930;2.6623;3.1989;0.1105
1931;4.0509;3.1593;0.1246
1932;5.4599;3.1156;0.1371
1933;6.8793;3.0737;0.1513
1934;8.3036;3.0294;0.1650
1935;9.7320;2.9856;0.1803
1936;11.1620;2.9423;0.1961
1937;12.5953;2.8990;0.2068
1938;14.0300;2.8537;0.2213
1939;15.4676;2.8091;0.2400
1940;16.9097;2.7660;0.2586
1941;18.3638;2.7161;0.2673
1942;19.8335;2.6630;0.2864
1943;0.5550;2.1010;0.0912
1944;1.9443;2.0660;0.1054
1945;3.3260;2.0231;0.1190
1946;4.7274;1.9805;0.1327
1947;6.1425;1.9393;0.1445
1948;7.5646;1.8977;0.1599
1949;8.9916;1.8553;0.1740
1950;10.4204;1.8127;0.1894
1951;11.8518;1.7707;0.2040
1952;13.2863;1.7283;0.2156
1953;14.7213;1.6852;0.2286
1954;16.1585;1.6419;0.2463
1955;17.5991;1.5936;0.2651
1956;19.0354;1.5116;0.2780
1957;20.3573;1.5404;0.2945
1958;0.0584;1.0348;0.0886
1959;1.2715;0.9680;0.1016
1960;2.5840;0.9127;0.1131
1961;3.9576;0.8761;0.1264
1962;5.3619;0.8392;0.1384
1963;6.7797;0.8026;0.1556
1964;8.2060;0.7642;0.1689
1965;9.6326;0.7256;0.1839
1966;11.0632;0.6850;0.1976
1967;12.4959;0.6467;0.2133
1968;13.9303;0.6074;0.2281
1969;15.3697;0.5675;0.2395
1970;16.8233;0.5262;0.2585
1971;18.3278;0.4812;0.2705
1972;20.0154;0.3728;0.2926
1973;0.3820;-0.0680;0.0921
1974;1.7075;-0.1657;0.1071
1975;3.0856;-0.1941;0.1191
1976;4.4893;-0.2239;0.1307
1977;5.9068;-0.2549;0.1463
1978;7.3326;-0.2874;0.1555
1979;8.7596;-0.3209;0.1753
1980;10.1893;-0.3550;0.1889
1981;11.6208;-0.3892;0.2039
