# Units: length:mm angle:deg time:s force:N 
# Stage: Stufe 33
stage;index;relative_time;date
"Stufe 33";33;675.1622;"2024-02-28T15:34:07.780"
# Name : Analogeingang 0
force;untransformed;transformed
966.2628;0.2416;966.2628
# Name : Flächenkomponente 1
id;x;y;z
0;0.2276;139.9804;-0.0442
1;1.6417;139.9972;-0.0557
2;3.0571;140.0146;-0.0645
3;4.4736;140.0312;-0.0738
4;5.8925;140.0477;-0.0816
5;7.3112;140.0643;-0.0943
6;8.7308;140.0819;-0.1032
7;10.1525;140.0993;-0.1154
8;11.5750;140.1147;-0.1257
9;12.9990;140.1327;-0.1341
10;14.4248;140.1490;-0.1450
11;15.8501;140.1664;-0.1602
12;17.2781;140.1826;-0.1707
13;18.7069;140.1994;-0.1793
14;20.1365;140.2164;-0.1922
15;21.5674;140.2329;-0.2008
16;22.3725;139.4367;-0.2032
17;22.3721;138.0447;-0.2044
18;22.3701;136.6519;-0.2009
19;22.3681;135.2598;-0.1974
20;22.3684;133.8671;-0.1958
21;22.3683;132.4764;-0.1930
22;22.3687;131.0834;-0.1958
23;22.3659;129.6913;-0.1949
24;22.3666;128.2987;-0.1943
25;22.3656;126.9063;-0.1887
26;22.3648;125.5140;-0.1878
27;22.3651;124.1222;-0.1938
28;22.3635;122.7306;-0.1901
29;22.3632;121.3372;-0.1875
30;22.3618;119.9449;-0.1831
31;22.3624;118.5519;-0.1860
32;22.3612;117.1610;-0.1831
33;22.3618;115.7667;-0.1812
34;22.3617;114.3754;-0.1814
35;22.3609;112.9832;-0.1796
36;22.3612;111.5912;-0.1788
37;22.3604;110.1983;-0.1745
38;22.3614;108.8054;-0.1798
39;22.3614;107.4130;-0.1788
40;22.3597;106.0207;-0.1758
41;22.3609;104.6285;-0.1794
42;22.3593;103.2364;-0.1725
43;22.3608;101.8431;-0.1751
44;22.3602;100.4506;-0.1734
45;22.3580;99.0580;-0.1610
46;22.3587;97.6658;-0.1608
47;22.3594;96.2733;-0.1636
48;22.3593;94.8800;-0.1633
49;22.3594;93.4883;-0.1595
50;22.3588;92.0956;-0.1560
51;22.3580;90.7026;-0.1562
52;22.3592;89.3101;-0.1591
53;22.3605;87.9186;-0.1590
54;22.3607;86.5266;-0.1573
55;22.3590;85.1341;-0.1548
56;22.3601;83.7421;-0.1525
57;22.3597;82.3491;-0.1520
58;22.3606;80.9563;-0.1533
59;22.3603;79.5643;-0.1530
60;22.3608;78.1726;-0.1502
61;22.3610;76.7795;-0.1490
62;22.3597;75.3874;-0.1422
63;22.3614;73.9969;-0.1439
64;22.3626;72.6022;-0.1455
65;22.3618;71.2086;-0.1419
66;22.3593;69.8182;-0.1389
67;22.3598;68.4259;-0.1317
68;22.3599;67.0328;-0.1318
69;22.3627;65.6396;-0.1416
70;22.3624;64.2491;-0.1378
71;22.3615;62.8579;-0.1306
72;22.3633;61.4664;-0.1328
73;22.3632;60.0733;-0.1343
74;22.3633;58.6801;-0.1334
75;22.3655;57.2884;-0.1357
76;22.3642;55.8961;-0.1337
77;22.3643;54.5046;-0.1287
78;22.3651;53.1117;-0.1265
79;22.3641;51.7198;-0.1248
80;22.3654;50.3279;-0.1296
81;22.3651;48.9377;-0.1222
82;22.3650;47.5442;-0.1250
83;22.3658;46.1521;-0.1259
84;22.3659;44.7611;-0.1238
85;22.3674;43.3689;-0.1221
86;22.3660;41.9778;-0.1137
87;22.3668;40.5858;-0.1173
88;22.3669;39.1918;-0.1166
89;22.3678;37.8019;-0.1137
90;22.3701;36.4100;-0.1221
91;22.3692;35.0202;-0.1155
92;22.3682;33.6284;-0.1105
93;22.3701;32.2345;-0.1117
94;22.3689;30.8427;-0.1132
95;22.3707;29.4535;-0.1124
96;22.3726;28.0615;-0.1169
97;22.3700;26.6702;-0.1004
98;22.3709;25.2788;-0.1043
99;22.3718;23.8874;-0.1034
100;22.3719;22.4963;-0.1028
101;22.3740;21.1046;-0.1078
102;22.3716;19.7145;-0.0911
103;22.3738;18.3230;-0.0976
104;22.3734;16.9337;-0.0949
105;22.3751;15.5427;-0.0987
106;22.3758;14.1491;-0.0982
107;22.3734;12.7607;-0.0884
108;22.3739;11.3697;-0.0888
109;22.3761;9.9773;-0.0910
110;22.3759;8.5856;-0.0902
111;22.3783;7.1937;-0.0959
112;22.3774;5.8048;-0.0866
113;22.3778;4.4138;-0.0863
114;22.3780;3.0241;-0.0829
115;22.3792;1.6313;-0.0862
116;22.3794;0.2419;-0.0896
133;0.2069;-0.8522;0.0769
134;-0.1115;0.3849;0.0825
135;-0.1115;1.7662;0.0806
136;-0.1112;3.1484;0.0799
137;-0.1130;4.5289;0.0822
138;-0.1131;5.9115;0.0821
139;-0.1111;7.2925;0.0733
140;-0.1107;8.6743;0.0645
141;-0.1131;10.0566;0.0736
142;-0.1148;11.4395;0.0747
143;-0.1151;12.8216;0.0753
144;-0.1147;14.2037;0.0724
145;-0.1140;15.5847;0.0674
146;-0.1160;16.9670;0.0729
147;-0.1175;18.3489;0.0774
148;-0.1175;19.7312;0.0742
149;-0.1169;21.1134;0.0712
150;-0.1162;22.4953;0.0599
151;-0.1167;23.8788;0.0628
152;-0.1174;25.2605;0.0637
153;-0.1183;26.6437;0.0642
154;-0.1185;28.0268;0.0631
155;-0.1179;29.4085;0.0566
156;-0.1190;30.7916;0.0581
157;-0.1202;32.1761;0.0625
158;-0.1200;33.5589;0.0627
159;-0.1201;34.9416;0.0582
160;-0.1200;36.3233;0.0538
161;-0.1201;37.7059;0.0514
162;-0.1222;39.0901;0.0622
163;-0.1232;40.4718;0.0599
164;-0.1225;41.8535;0.0566
165;-0.1222;43.2373;0.0492
166;-0.1217;44.6207;0.0449
167;-0.1232;46.0037;0.0505
168;-0.1253;47.3876;0.0527
169;-0.1258;48.7705;0.0524
170;-0.1232;50.1532;0.0431
171;-0.1235;51.5359;0.0399
172;-0.1237;52.9187;0.0405
173;-0.1264;54.3018;0.0447
174;-0.1261;55.6859;0.0442
175;-0.1256;57.0678;0.0435
176;-0.1248;58.4507;0.0339
177;-0.1253;59.8354;0.0345
178;-0.1265;61.2175;0.0385
179;-0.1274;62.6025;0.0417
180;-0.1279;63.9852;0.0382
181;-0.1267;65.3688;0.0301
182;-0.1264;66.7520;0.0295
183;-0.1283;68.1339;0.0320
184;-0.1291;69.5191;0.0330
185;-0.1289;70.9020;0.0295
186;-0.1271;72.2856;0.0203
187;-0.1271;73.6691;0.0169
188;-0.1282;75.0520;0.0230
189;-0.1302;76.4354;0.0282
190;-0.1301;77.8191;0.0312
191;-0.1292;79.2020;0.0230
192;-0.1272;80.5861;0.0164
193;-0.1271;81.9691;0.0158
194;-0.1294;83.3538;0.0216
195;-0.1284;84.7362;0.0188
196;-0.1277;86.1186;0.0172
197;-0.1267;87.5032;0.0108
198;-0.1268;88.8870;0.0089
199;-0.1286;90.2702;0.0167
200;-0.1286;91.6532;0.0157
201;-0.1277;93.0378;0.0104
202;-0.1257;94.4209;0.0043
203;-0.1260;95.8029;0.0039
204;-0.1279;97.1860;0.0116
205;-0.1279;98.5696;0.0111
206;-0.1259;99.9539;0.0039
207;-0.1245;101.3381;-0.0015
208;-0.1236;102.7213;-0.0050
209;-0.1234;104.1044;-0.0063
210;-0.1234;105.4879;-0.0034
211;-0.1230;106.8727;-0.0073
212;-0.1219;108.2559;-0.0113
213;-0.1217;109.6385;-0.0111
214;-0.1214;111.0216;-0.0121
215;-0.1215;112.4054;-0.0075
216;-0.1213;113.7894;-0.0139
217;-0.1198;115.1729;-0.0177
218;-0.1189;116.5558;-0.0187
219;-0.1190;117.9393;-0.0188
220;-0.1185;119.3228;-0.0159
221;-0.1183;120.7057;-0.0131
222;-0.1173;122.0886;-0.0192
223;-0.1160;123.4727;-0.0239
224;-0.1161;124.8556;-0.0236
225;-0.1144;126.2390;-0.0208
226;-0.1148;127.6228;-0.0219
227;-0.1141;129.0065;-0.0256
228;-0.1121;130.3897;-0.0307
229;-0.1107;131.7731;-0.0307
230;-0.1113;133.1565;-0.0263
231;-0.1118;134.5391;-0.0238
232;-0.1100;135.9227;-0.0280
233;-0.1084;137.3063;-0.0332
234;-0.1083;138.6898;-0.0336
235;0.9703;139.1344;-0.0510
236;2.2015;139.0300;-0.0579
237;3.5791;139.0736;-0.0657
238;4.9844;139.0933;-0.0761
239;6.3970;139.1111;-0.0847
240;7.8146;139.1295;-0.0953
241;9.2341;139.1468;-0.1057
242;10.6568;139.1648;-0.1159
243;12.0788;139.1829;-0.1301
244;13.5022;139.2012;-0.1363
245;14.9282;139.2200;-0.1506
246;16.3535;139.2373;-0.1630
247;17.7786;139.2569;-0.1735
248;19.1938;139.2791;-0.1833
249;20.5739;139.3557;-0.1954
250;1.1765;138.0123;-0.0483
251;2.7111;138.0522;-0.0562
252;4.1440;138.0760;-0.0698
253;5.5573;138.0926;-0.0800
254;6.9727;138.1111;-0.0904
255;8.3894;138.1290;-0.1004
256;9.8098;138.1476;-0.1080
257;11.2318;138.1671;-0.1202
258;12.6548;138.1852;-0.1324
259;14.0787;138.2038;-0.1402
260;15.5033;138.2234;-0.1555
261;16.9296;138.2434;-0.1672
262;18.3553;138.2659;-0.1767
263;19.7908;138.3164;-0.1858
264;21.2537;138.6212;-0.2004
265;0.8858;136.8161;-0.0447
266;2.0724;136.9720;-0.0514
267;3.4161;136.9927;-0.0619
268;4.8014;137.0082;-0.0729
269;6.2048;137.0252;-0.0835
270;7.6180;137.0438;-0.0938
271;9.0349;137.0626;-0.1024
272;10.4556;137.0826;-0.1126
273;11.8773;137.1013;-0.1257
274;13.3012;137.1207;-0.1363
275;14.7254;137.1395;-0.1461
276;16.1489;137.1581;-0.1577
277;17.5695;137.1808;-0.1679
278;18.9745;137.2145;-0.1799
279;20.3384;137.3030;-0.1905
280;21.4565;137.3121;-0.1980
281;1.3433;135.7655;-0.0466
282;2.7064;135.8469;-0.0542
283;4.0830;135.8704;-0.0668
284;5.4789;135.8893;-0.0791
285;6.8868;135.9078;-0.0879
286;8.3005;135.9270;-0.0961
287;9.7186;135.9460;-0.1064
288;11.1406;135.9642;-0.1173
289;12.5635;135.9836;-0.1284
290;13.9879;136.0035;-0.1403
291;15.4108;136.0229;-0.1520
292;16.8321;136.0428;-0.1597
293;18.2470;136.0680;-0.1722
294;19.6493;136.1058;-0.1823
295;21.0434;136.0813;-0.1925
296;0.7756;134.6024;-0.0386
297;2.0630;134.6655;-0.0467
298;3.3971;134.6969;-0.0581
299;4.7735;134.7191;-0.0710
300;6.1726;134.7379;-0.0810
301;7.5833;134.7569;-0.0928
302;8.9994;134.7765;-0.1025
303;10.4186;134.7953;-0.1127
304;11.8404;134.8141;-0.1258
305;13.2648;134.8333;-0.1349
306;14.6885;134.8527;-0.1466
307;16.1088;134.8708;-0.1572
308;17.5184;134.8919;-0.1663
309;18.8978;134.9161;-0.1775
310;20.1988;134.9184;-0.1868
311;21.3575;134.8228;-0.1974
312;1.3369;133.5038;-0.0454
313;2.7005;133.5050;-0.0505
314;4.0717;133.5288;-0.0614
315;5.4633;133.5490;-0.0747
316;6.8699;133.5684;-0.0852
317;8.2842;133.5876;-0.0988
318;9.7037;133.6070;-0.1081
319;11.1231;133.6248;-0.1186
320;12.5460;133.6431;-0.1286
321;13.9694;133.6625;-0.1392
322;15.3920;133.6808;-0.1515
323;16.8089;133.6978;-0.1580
324;18.2090;133.7149;-0.1716
325;19.5785;133.7249;-0.1819
326;20.9300;133.6916;-0.1892
327;0.8654;132.4087;-0.0413
328;2.0634;132.3043;-0.0464
329;3.3885;132.3265;-0.0574
330;4.7623;132.3485;-0.0678
331;6.1601;132.3689;-0.0810
332;7.5707;132.3881;-0.0906
333;8.9865;132.4075;-0.1001
334;10.4066;132.4252;-0.1101
335;11.8298;132.4423;-0.1218
336;13.2521;132.4601;-0.1332
337;14.6742;132.4786;-0.1432
338;16.0959;132.4956;-0.1533
339;17.5039;132.5123;-0.1665
340;18.8832;132.5250;-0.1720
341;20.2096;132.5303;-0.1826
342;21.4770;132.5066;-0.1910
343;1.2198;131.1299;-0.0407
344;2.6531;131.1286;-0.0475
345;4.0504;131.1456;-0.0615
346;5.4503;131.1644;-0.0722
347;6.8588;131.1833;-0.0848
348;8.2735;131.2013;-0.0954
349;9.6908;131.2189;-0.1059
350;11.1131;131.2371;-0.1152
351;12.5347;131.2552;-0.1265
352;13.9581;131.2719;-0.1361
353;15.3816;131.2894;-0.1491
354;16.7980;131.3049;-0.1585
355;18.1969;131.3183;-0.1682
356;19.5701;131.3302;-0.1782
357;20.9298;131.3566;-0.1896
358;0.8900;129.8794;-0.0365
359;2.0640;129.9399;-0.0438
360;3.3819;129.9447;-0.0567
361;4.7524;129.9592;-0.0667
362;6.1494;129.9768;-0.0757
363;7.5596;129.9945;-0.0894
364;8.9768;130.0115;-0.1020
365;10.3966;130.0289;-0.1124
366;11.8184;130.0466;-0.1224
367;13.2406;130.0625;-0.1310
368;14.6638;130.0798;-0.1412
369;16.0849;130.0964;-0.1538
370;17.4928;130.1093;-0.1635
371;18.8721;130.1191;-0.1722
372;20.1847;130.1306;-0.1837
373;21.3578;130.2023;-0.1904
374;1.3196;128.7254;-0.0415
375;2.6821;128.7402;-0.0497
376;4.0525;128.7518;-0.0597
377;5.4430;128.7689;-0.0713
378;6.8473;128.7871;-0.0826
379;8.2627;128.8032;-0.0930
380;9.6791;128.8206;-0.1044
381;11.1014;128.8374;-0.1160
382;12.5232;128.8537;-0.1253
383;13.9452;128.8698;-0.1349
384;15.3688;128.8867;-0.1458
385;16.7894;128.9013;-0.1578
386;18.1994;128.9130;-0.1659
387;19.5991;128.9233;-0.1780
388;21.0182;128.9501;-0.1890
389;0.7768;127.5840;-0.0358
390;2.0436;127.5487;-0.0461
391;3.3724;127.5485;-0.0536
392;4.7437;127.5615;-0.0654
393;6.1404;127.5786;-0.0777
394;7.5499;127.5953;-0.0860
395;8.9654;127.6107;-0.0967
396;10.3856;127.6279;-0.1072
397;11.8066;127.6450;-0.1229
398;13.2299;127.6605;-0.1298
399;14.6522;127.6770;-0.1422
400;16.0750;127.6923;-0.1486
401;17.4862;127.7060;-0.1620
402;18.8724;127.7196;-0.1702
403;20.2028;127.7194;-0.1785
404;21.3704;127.7154;-0.1898
405;1.3238;126.3929;-0.0370
406;2.6798;126.3506;-0.0464
407;4.0465;126.3550;-0.0602
408;5.4343;126.3704;-0.0710
409;6.8392;126.3874;-0.0812
410;8.2525;126.4029;-0.0916
411;9.6697;126.4190;-0.1012
412;11.0909;126.4351;-0.1137
413;12.5123;126.4510;-0.1230
414;13.9372;126.4665;-0.1345
415;15.3594;126.4815;-0.1437
416;16.7773;126.4959;-0.1521
417;18.1857;126.5113;-0.1669
418;19.5777;126.5222;-0.1742
419;20.9929;126.4656;-0.1835
420;0.9024;125.2663;-0.0344
421;2.0667;125.1585;-0.0443
422;3.3716;125.1471;-0.0535
423;4.7369;125.1620;-0.0664
424;6.1316;125.1790;-0.0785
425;7.5396;125.1949;-0.0872
426;8.9546;125.2106;-0.0950
427;10.3746;125.2260;-0.1049
428;11.7964;125.2418;-0.1181
429;13.2189;125.2565;-0.1295
430;14.6419;125.2707;-0.1378
431;16.0620;125.2858;-0.1460
432;17.4692;125.2995;-0.1584
433;18.8431;125.3151;-0.1701
434;20.1450;125.3207;-0.1771
435;21.3252;125.1723;-0.1863
436;1.2385;123.9977;-0.0357
437;2.6389;123.9465;-0.0440
438;4.0254;123.9545;-0.0584
439;5.4216;123.9697;-0.0709
440;6.8271;123.9861;-0.0776
441;8.2412;124.0024;-0.0896
442;9.6591;124.0170;-0.0992
443;11.0795;124.0319;-0.1122
444;12.5024;124.0469;-0.1214
445;13.9256;124.0618;-0.1302
446;15.3477;124.0754;-0.1436
447;16.7627;124.0880;-0.1521
448;18.1592;124.1015;-0.1620
449;19.5190;124.1112;-0.1733
450;20.8487;124.1208;-0.1802
451;0.8358;122.7842;-0.0318
452;2.0146;122.7496;-0.0398
453;3.3424;122.7504;-0.0512
454;4.7204;122.7635;-0.0631
455;6.1179;122.7799;-0.0752
456;7.5282;122.7937;-0.0829
457;8.9439;122.8089;-0.0958
458;10.3632;122.8229;-0.1039
459;11.7848;122.8384;-0.1141
460;13.2078;122.8523;-0.1236
461;14.6307;122.8663;-0.1356
462;16.0517;122.8789;-0.1440
463;17.4580;122.8885;-0.1542
464;18.8283;122.8940;-0.1666
465;20.1337;122.9109;-0.1720
466;21.3193;123.0797;-0.1823
467;1.2136;121.5221;-0.0346
468;2.6222;121.5498;-0.0470
469;4.0117;121.5599;-0.0561
470;5.4089;121.5727;-0.0665
471;6.8166;121.5868;-0.0794
472;8.2303;121.6017;-0.0905
473;9.6473;121.6153;-0.0998
474;11.0683;121.6292;-0.1091
475;12.4914;121.6433;-0.1209
476;13.9148;121.6567;-0.1300
477;15.3380;121.6687;-0.1399
478;16.7557;121.6812;-0.1513
479;18.1623;121.6883;-0.1624
480;19.5609;121.7001;-0.1710
481;20.9875;121.7877;-0.1809
482;0.8864;120.2555;-0.0315
483;2.0458;120.3421;-0.0398
484;3.3495;120.3564;-0.0497
485;4.7152;120.3673;-0.0620
486;6.1096;120.3809;-0.0744
487;7.5185;120.3943;-0.0817
488;8.9343;120.4083;-0.0923
489;10.3533;120.4207;-0.1042
490;11.7744;120.4345;-0.1121
491;13.1975;120.4479;-0.1253
492;14.6210;120.4602;-0.1363
493;16.0424;120.4728;-0.1448
494;17.4535;120.4825;-0.1573
495;18.8447;120.4924;-0.1655
496;20.1862;120.5190;-0.1751
497;21.3666;120.5414;-0.1805
498;1.3061;119.1107;-0.0342
499;2.6564;119.1466;-0.0441
500;4.0187;119.1604;-0.0556
501;5.4054;119.1737;-0.0645
502;6.8088;119.1870;-0.0710
503;8.2204;119.1998;-0.0826
504;9.6386;119.2132;-0.0962
505;11.0587;119.2254;-0.1059
506;12.4802;119.2389;-0.1200
507;13.9044;119.2519;-0.1291
508;15.3272;119.2642;-0.1385
509;16.7471;119.2745;-0.1488
510;18.1619;119.2861;-0.1589
511;19.5679;119.3024;-0.1677
512;20.9951;119.2992;-0.1802
513;0.7627;117.9438;-0.0285
514;2.0215;117.9462;-0.0374
515;3.3412;117.9545;-0.0468
516;4.7077;117.9669;-0.0590
517;6.1010;117.9803;-0.0680
518;7.5087;117.9929;-0.0804
519;8.9236;118.0052;-0.0888
520;10.3432;118.0183;-0.1012
521;11.7644;118.0307;-0.1130
522;13.1876;118.0429;-0.1241
523;14.6099;118.0552;-0.1300
524;16.0305;118.0666;-0.1415
525;17.4422;118.0777;-0.1520
526;18.8271;118.0908;-0.1606
527;20.1488;118.1010;-0.1717
528;21.3342;118.0430;-0.1823
529;1.3020;116.7787;-0.0298
530;2.6500;116.7525;-0.0405
531;4.0112;116.7593;-0.0505
532;5.3963;116.7731;-0.0634
533;6.7983;116.7863;-0.0722
534;8.2093;116.7986;-0.0824
535;9.6276;116.8108;-0.0939
536;11.0482;116.8223;-0.1063
537;12.4695;116.8343;-0.1182
538;13.8931;116.8469;-0.1246
539;15.3161;116.8566;-0.1332
540;16.7346;116.8683;-0.1445
541;18.1396;116.8782;-0.1557
542;19.5223;116.8884;-0.1641
543;20.8954;116.8864;-0.1764
544;0.8800;115.6349;-0.0279
545;2.0364;115.5557;-0.0369
546;3.3357;115.5527;-0.0458
547;4.6981;115.5655;-0.0574
548;6.0913;115.5793;-0.0657
549;7.4979;115.5920;-0.0751
550;8.9125;115.6037;-0.0862
551;10.3326;115.6148;-0.0997
552;11.7541;115.6267;-0.1076
553;13.1763;115.6383;-0.1180
554;14.6002;115.6497;-0.1268
555;16.0201;115.6600;-0.1406
556;17.4317;115.6702;-0.1520
557;18.8179;115.6796;-0.1604
558;20.1602;115.6966;-0.1657
559;21.4484;115.7338;-0.1798
560;1.2106;114.3788;-0.0328
561;2.6053;114.3516;-0.0397
562;3.9884;114.3602;-0.0474
563;5.3825;114.3733;-0.0607
564;6.7862;114.3857;-0.0690
565;8.1991;114.3974;-0.0817
566;9.6174;114.4085;-0.0911
567;11.0376;114.4191;-0.1024
568;12.4593;114.4305;-0.1136
569;13.8831;114.4415;-0.1236
570;15.3052;114.4522;-0.1326
571;16.7226;114.4615;-0.1464
572;18.1283;114.4698;-0.1559
573;19.5121;114.4845;-0.1627
574;20.8875;114.5411;-0.1697
575;0.8354;113.1566;-0.0228
576;1.9959;113.1503;-0.0321
577;3.3125;113.1587;-0.0419
578;4.6824;113.1685;-0.0530
579;6.0783;113.1807;-0.0632
580;7.4871;113.1921;-0.0754
581;8.9032;113.2022;-0.0852
582;10.3229;113.2125;-0.0953
583;11.7418;113.2219;-0.1061
584;13.1654;113.2337;-0.1172
585;14.5897;113.2427;-0.1295
586;16.0097;113.2527;-0.1395
587;17.4194;113.2605;-0.1471
588;18.8052;113.2674;-0.1562
589;20.1282;113.2925;-0.1645
590;21.3186;113.4114;-0.1751
591;1.2074;111.9072;-0.0241
592;2.6001;111.9551;-0.0380
593;3.9795;111.9661;-0.0439
594;5.3717;111.9754;-0.0547
595;6.7766;111.9862;-0.0647
596;8.1891;111.9966;-0.0776
597;9.6073;112.0077;-0.0891
598;11.0268;112.0167;-0.0988
599;12.4477;112.0258;-0.1091
600;13.8715;112.0358;-0.1195
601;15.2958;112.0448;-0.1302
602;16.7145;112.0540;-0.1409
603;18.1288;112.0601;-0.1498
604;19.5395;112.0714;-0.1625
605;20.9721;112.1325;-0.1756
606;0.8778;110.6300;-0.0212
607;2.0266;110.7388;-0.0291
608;3.3207;110.7623;-0.0384
609;4.6794;110.7711;-0.0504
610;6.0706;110.7811;-0.0599
611;7.4776;110.7909;-0.0722
612;8.8920;110.8001;-0.0833
613;10.3115;110.8103;-0.0947
614;11.7329;110.8199;-0.1033
615;13.1560;110.8288;-0.1146
616;14.5779;110.8380;-0.1239
617;16.0002;110.8464;-0.1353
618;17.4163;110.8541;-0.1459
619;18.8124;110.8623;-0.1546
620;20.1647;110.8747;-0.1683
621;21.3650;110.9076;-0.1758
622;1.2882;109.4957;-0.0238
623;2.6287;109.5492;-0.0335
624;3.9841;109.5649;-0.0420
625;5.3667;109.5752;-0.0554
626;6.7676;109.5859;-0.0643
627;8.1797;109.5955;-0.0735
628;9.5961;109.6047;-0.0854
629;11.0161;109.6134;-0.0965
630;12.4383;109.6226;-0.1068
631;13.8623;109.6310;-0.1171
632;15.2843;109.6388;-0.1297
633;16.7052;109.6472;-0.1390
634;18.1204;109.6553;-0.1481
635;19.5335;109.6638;-0.1602
636;20.9732;109.6379;-0.1715
637;0.7483;108.3034;-0.0201
638;1.9969;108.3447;-0.0292
639;3.3086;108.3594;-0.0389
640;4.6694;108.3706;-0.0476
641;6.0606;108.3807;-0.0557
642;7.4679;108.3910;-0.0707
643;8.8820;108.3987;-0.0796
644;10.3003;108.4074;-0.0897
645;11.7225;108.4155;-0.0994
646;13.1447;108.4234;-0.1108
647;14.5679;108.4322;-0.1212
648;15.9902;108.4398;-0.1318
649;17.4014;108.4476;-0.1434
650;18.7893;108.4553;-0.1547
651;20.1187;108.4515;-0.1653
652;21.3117;108.3562;-0.1738
653;1.2814;107.1651;-0.0221
654;2.6190;107.1564;-0.0301
655;3.9747;107.1645;-0.0392
656;5.3567;107.1759;-0.0500
657;6.7571;107.1856;-0.0605
658;8.1694;107.1940;-0.0734
659;9.5862;107.2013;-0.0823
660;11.0057;107.2100;-0.0912
661;12.4270;107.2175;-0.1033
662;13.8507;107.2256;-0.1144
663;15.2738;107.2328;-0.1245
664;16.6929;107.2392;-0.1369
665;18.1004;107.2449;-0.1476
666;19.4893;107.2460;-0.1592
667;20.8727;107.2130;-0.1713
668;0.8559;106.0073;-0.0177
669;2.0067;105.9531;-0.0273
670;3.3012;105.9580;-0.0346
671;4.6605;105.9705;-0.0450
672;6.0507;105.9797;-0.0555
673;7.4578;105.9900;-0.0645
674;8.8723;105.9971;-0.0739
675;10.2909;106.0044;-0.0877
676;11.7118;106.0124;-0.0974
677;13.1346;106.0200;-0.1066
678;14.5568;106.0262;-0.1192
679;15.9786;106.0326;-0.1272
680;17.3915;106.0381;-0.1392
681;18.7818;106.0428;-0.1521
682;20.1337;106.0431;-0.1598
683;21.4382;106.0344;-0.1732
684;1.1882;104.7674;-0.0191
685;2.5754;104.7567;-0.0291
686;3.9535;104.7665;-0.0410
687;5.3429;104.7759;-0.0484
688;6.7466;104.7845;-0.0608
689;8.1580;104.7922;-0.0669
690;9.5759;104.7998;-0.0794
691;10.9951;104.8069;-0.0912
692;12.4173;104.8143;-0.1028
693;13.8408;104.8207;-0.1143
694;15.2635;104.8257;-0.1209
695;16.6831;104.8317;-0.1315
696;18.0917;104.8365;-0.1464
697;19.4818;104.8416;-0.1578
698;20.8707;104.8724;-0.1671
699;0.8347;103.5420;-0.0117
700;1.9763;103.5524;-0.0210
701;3.2824;103.5668;-0.0313
702;4.6474;103.5737;-0.0391
703;6.0410;103.5813;-0.0514
704;7.4478;103.5881;-0.0636
705;8.8621;103.5965;-0.0723
706;10.2799;103.6026;-0.0816
707;11.7016;103.6085;-0.0911
708;13.1245;103.6153;-0.1062
709;14.5473;103.6202;-0.1177
710;15.9674;103.6256;-0.1243
711;17.3817;103.6289;-0.1384
712;18.7722;103.6293;-0.1500
713;20.1078;103.6401;-0.1607
714;21.3119;103.7304;-0.1704
715;1.1984;102.3001;-0.0124
716;2.5793;102.3654;-0.0243
717;3.9490;102.3736;-0.0353
718;5.3350;102.3790;-0.0460
719;6.7374;102.3850;-0.0548
720;8.1494;102.3914;-0.0671
721;9.5657;102.3974;-0.0768
722;10.9848;102.4036;-0.0843
723;12.4063;102.4100;-0.0983
724;13.8308;102.4151;-0.1098
725;15.2537;102.4205;-0.1186
726;16.6757;102.4250;-0.1311
727;18.0942;102.4257;-0.1430
728;19.5125;102.4288;-0.1538
729;20.9636;102.4648;-0.1669
730;0.8705;101.0180;-0.0080
731;2.0201;101.1636;-0.0161
732;3.2981;101.1733;-0.0270
733;4.6471;101.1769;-0.0393
734;6.0331;101.1829;-0.0505
735;7.4378;101.1879;-0.0605
736;8.8524;101.1943;-0.0702
737;10.2706;101.1999;-0.0810
738;11.6904;101.2045;-0.0926
739;13.1135;101.2106;-0.1026
740;14.5361;101.2158;-0.1091
741;15.9600;101.2206;-0.1271
742;17.3759;101.2226;-0.1381
743;18.7767;101.2243;-0.1457
744;20.1348;101.2222;-0.1567
745;21.3372;101.2239;-0.1654
746;1.3254;99.9644;-0.0112
747;2.6272;99.9668;-0.0207
748;3.9607;99.9715;-0.0305
749;5.3325;99.9781;-0.0406
750;6.7293;99.9849;-0.0500
751;8.1395;99.9896;-0.0622
752;9.5563;99.9955;-0.0752
753;10.9759;100.0001;-0.0860
754;12.3969;100.0059;-0.0936
755;13.8214;100.0105;-0.1071
756;15.2434;100.0143;-0.1216
757;16.6665;100.0176;-0.1324
758;18.0840;100.0224;-0.1405
759;19.5007;100.0206;-0.1491
760;20.9479;99.9654;-0.1626
761;0.8707;98.9136;-0.0075
762;2.0187;98.7686;-0.0178
763;3.2945;98.7640;-0.0265
764;4.6399;98.7722;-0.0354
765;6.0249;98.7800;-0.0444
766;7.4285;98.7859;-0.0555
767;8.8423;98.7912;-0.0656
768;10.2601;98.7965;-0.0801
769;11.6814;98.8010;-0.0894
770;13.1035;98.8049;-0.0976
771;14.5276;98.8096;-0.1120
772;15.9498;98.8137;-0.1250
773;17.3632;98.8180;-0.1337
774;18.7540;98.8181;-0.1437
775;20.0928;98.7961;-0.1541
776;21.2949;98.6654;-0.1658
777;1.1909;97.6370;-0.0099
778;2.5675;97.5665;-0.0207
779;3.9336;97.5683;-0.0291
780;5.3176;97.5773;-0.0366
781;6.7173;97.5835;-0.0489
782;8.1291;97.5888;-0.0587
783;9.5462;97.5935;-0.0713
784;10.9659;97.5974;-0.0833
785;12.3884;97.6012;-0.0964
786;13.8098;97.6056;-0.1058
787;15.2331;97.6080;-0.1156
788;16.6534;97.6112;-0.1272
789;18.0634;97.6119;-0.1372
790;19.4578;97.6003;-0.1476
791;20.8550;97.5385;-0.1588
792;0.8185;96.3976;-0.0071
793;1.9548;96.3840;-0.0142
794;3.2571;96.3699;-0.0220
795;4.6194;96.3744;-0.0323
796;6.0104;96.3805;-0.0410
797;7.4175;96.3855;-0.0528
798;8.8311;96.3895;-0.0651
799;10.2499;96.3939;-0.0735
800;11.6709;96.3970;-0.0879
801;13.0929;96.4004;-0.0972
802;14.5160;96.4037;-0.1080
803;15.9386;96.4054;-0.1189
804;17.3544;96.4065;-0.1329
805;18.7482;96.4043;-0.1428
806;20.1104;96.3863;-0.1515
807;21.4299;96.3317;-0.1621
808;1.1621;95.1718;-0.0089
809;2.5410;95.1789;-0.0154
810;3.9164;95.1754;-0.0262
811;5.3045;95.1803;-0.0396
812;6.7066;95.1832;-0.0473
813;8.1182;95.1879;-0.0586
814;9.5359;95.1913;-0.0671
815;10.9553;95.1934;-0.0806
816;12.3764;95.1960;-0.0918
817;13.8002;95.1993;-0.1047
818;15.2243;95.2018;-0.1138
819;16.6440;95.2029;-0.1242
820;18.0557;95.2025;-0.1376
821;19.4535;95.1967;-0.1442
822;20.8576;95.1973;-0.1543
823;0.8391;93.9307;-0.0038
824;1.9743;93.9814;-0.0111
825;3.2586;93.9789;-0.0208
826;4.6145;93.9793;-0.0351
827;6.0026;93.9817;-0.0392
828;7.4080;93.9849;-0.0518
829;8.8218;93.9880;-0.0644
830;10.2396;93.9904;-0.0737
831;11.6610;93.9929;-0.0866
832;13.0834;93.9961;-0.0979
833;14.5060;93.9980;-0.1084
834;15.9288;94.0000;-0.1172
835;17.3442;93.9990;-0.1298
836;18.7398;93.9945;-0.1385
837;20.0887;93.9865;-0.1455
838;21.3103;94.0435;-0.1554
839;1.2502;92.7709;-0.0066
840;2.5753;92.7782;-0.0167
841;3.9220;92.7778;-0.0264
842;5.3001;92.7804;-0.0338
843;6.6992;92.7838;-0.0444
844;8.1094;92.7854;-0.0552
845;9.5259;92.7883;-0.0657
846;10.9454;92.7911;-0.0773
847;12.3669;92.7921;-0.0851
848;13.7900;92.7946;-0.0966
849;15.2139;92.7959;-0.1089
850;16.6363;92.7958;-0.1237
851;18.0563;92.7960;-0.1330
852;19.4809;92.7947;-0.1431
853;20.9569;92.7974;-0.1545
854;0.7290;91.6246;0.0003
855;1.9543;91.5907;-0.0068
856;3.2532;91.5778;-0.0165
857;4.6065;91.5788;-0.0289
858;5.9940;91.5817;-0.0404
859;7.3977;91.5843;-0.0483
860;8.8127;91.5858;-0.0573
861;10.2294;91.5877;-0.0731
862;11.6502;91.5900;-0.0822
863;13.0734;91.5903;-0.0893
864;14.4973;91.5914;-0.1028
865;15.9195;91.5926;-0.1155
866;17.3360;91.5930;-0.1258
867;18.7338;91.5966;-0.1363
868;20.0851;91.6047;-0.1492
869;21.3062;91.5467;-0.1592
870;1.2528;90.4378;-0.0005
871;2.5731;90.3857;-0.0089
872;3.9159;90.3778;-0.0186
873;5.2917;90.3800;-0.0291
874;6.6898;90.3832;-0.0424
875;8.1003;90.3843;-0.0540
876;9.5167;90.3854;-0.0637
877;10.9353;90.3876;-0.0734
878;12.3572;90.3885;-0.0858
879;13.7802;90.3882;-0.0949
880;15.2037;90.3895;-0.1101
881;16.6247;90.3909;-0.1210
882;18.0397;90.3903;-0.1294
883;19.4418;90.3928;-0.1425
884;20.8500;90.3911;-0.1544
885;0.8453;89.2991;0.0006
886;1.9711;89.1973;-0.0065
887;3.2499;89.1764;-0.0153
888;4.5975;89.1780;-0.0233
889;5.9849;89.1813;-0.0339
890;7.3891;89.1838;-0.0459
891;8.8023;89.1842;-0.0573
892;10.2202;89.1855;-0.0686
893;11.6410;89.1865;-0.0773
894;13.0626;89.1866;-0.0894
895;14.4860;89.1868;-0.1041
896;15.9078;89.1862;-0.1120
897;17.3260;89.1866;-0.1220
898;18.7267;89.1871;-0.1358
899;20.0954;89.2017;-0.1480
900;21.4214;89.2557;-0.1562
901;1.1639;88.0330;-0.0010
902;2.5280;87.9829;-0.0093
903;3.8940;87.9783;-0.0193
904;5.2779;87.9815;-0.0285
905;6.6787;87.9827;-0.0379
906;8.0898;87.9839;-0.0467
907;9.5056;87.9841;-0.0599
908;10.9259;87.9835;-0.0724
909;12.3465;87.9846;-0.0817
910;13.7700;87.9839;-0.0932
911;15.1931;87.9840;-0.1071
912;16.6145;87.9835;-0.1150
913;18.0287;87.9813;-0.1268
914;19.4311;87.9914;-0.1423
915;20.8389;88.0550;-0.1531
916;0.8002;86.8177;0.0031
917;1.9295;86.7889;-0.0053
918;3.2229;86.7823;-0.0130
919;4.5826;86.7811;-0.0240
920;5.9727;86.7830;-0.0306
921;7.3787;86.7831;-0.0408
922;8.7920;86.7834;-0.0528
923;10.2099;86.7833;-0.0666
924;11.6307;86.7828;-0.0757
925;13.0539;86.7821;-0.0841
926;14.4762;86.7803;-0.0978
927;15.8986;86.7797;-0.1111
928;17.3153;86.7775;-0.1203
929;18.7124;86.7762;-0.1324
930;20.0639;86.7997;-0.1448
931;21.2834;86.9341;-0.1536
932;1.1534;85.5643;0.0006
933;2.5177;85.5849;-0.0075
934;3.8838;85.5834;-0.0183
935;5.2682;85.5829;-0.0276
936;6.6687;85.5837;-0.0364
937;8.0792;85.5823;-0.0449
938;9.4950;85.5819;-0.0606
939;10.9153;85.5812;-0.0712
940;12.3374;85.5810;-0.0779
941;13.7608;85.5798;-0.0886
942;15.1831;85.5771;-0.1021
943;16.6079;85.5758;-0.1127
944;18.0296;85.5732;-0.1259
945;19.4585;85.5788;-0.1395
946;20.9263;85.6396;-0.1491
947;0.8352;84.3048;0.0045
948;1.9568;84.3793;-0.0047
949;3.2305;84.3867;-0.0129
950;4.5793;84.3839;-0.0209
951;5.9650;84.3841;-0.0349
952;7.3701;84.3835;-0.0405
953;8.7825;84.3822;-0.0504
954;10.2010;84.3798;-0.0633
955;11.6220;84.3794;-0.0754
956;13.0436;84.3772;-0.0845
957;14.4671;84.3763;-0.0934
958;15.8902;84.3741;-0.1058
959;17.3118;84.3723;-0.1208
960;18.7210;84.3706;-0.1290
961;20.0963;84.3786;-0.1421
962;21.3207;84.3792;-0.1509
963;1.2374;83.1539;0.0025
964;2.5517;83.1818;-0.0095
965;3.8901;83.1841;-0.0155
966;5.2645;83.1842;-0.0235
967;6.6610;83.1828;-0.0343
968;8.0710;83.1816;-0.0427
969;9.4858;83.1798;-0.0530
970;10.9067;83.1778;-0.0660
971;12.3278;83.1753;-0.0771
972;13.7509;83.1738;-0.0902
973;15.1751;83.1722;-0.1017
974;16.5997;83.1701;-0.1156
975;18.0227;83.1695;-0.1228
976;19.4557;83.1690;-0.1377
977;20.9270;83.1350;-0.1484
978;0.7180;81.9826;0.0039
979;1.9350;81.9878;-0.0005
980;3.2245;81.9834;-0.0126
981;4.5726;81.9836;-0.0180
982;5.9563;81.9834;-0.0267
983;7.3599;81.9811;-0.0364
984;8.7727;81.9806;-0.0463
985;10.1914;81.9772;-0.0613
986;11.6121;81.9740;-0.0711
987;13.0340;81.9723;-0.0805
988;14.4573;81.9703;-0.0925
989;15.8810;81.9681;-0.1063
990;17.3003;81.9658;-0.1161
991;18.7001;81.9649;-0.1279
992;20.0545;81.9562;-0.1419
993;21.2842;81.8600;-0.1515
994;1.2360;80.8237;0.0037
995;2.5458;80.7884;-0.0051
996;3.8826;80.7832;-0.0125
997;5.2566;80.7827;-0.0222
998;6.6527;80.7817;-0.0319
999;8.0619;80.7794;-0.0447
1000;9.4759;80.7772;-0.0542
1001;10.8954;80.7743;-0.0620
1002;12.3173;80.7717;-0.0735
1003;13.7412;80.7688;-0.0848
1004;15.1652;80.7660;-0.0958
1005;16.5861;80.7633;-0.1099
1006;18.0033;80.7586;-0.1204
1007;19.4102;80.7522;-0.1344
1008;20.8267;80.7208;-0.1420
1009;0.8246;79.6720;0.0090
1010;1.9437;79.5954;0.0024
1011;3.2157;79.5815;-0.0054
1012;4.5635;79.5826;-0.0152
1013;5.9470;79.5829;-0.0264
1014;7.3512;79.5815;-0.0369
1015;8.7634;79.5787;-0.0489
1016;10.1807;79.5765;-0.0573
1017;11.6023;79.5726;-0.0678
1018;13.0238;79.5689;-0.0809
1019;14.4489;79.5642;-0.0937
1020;15.8707;79.5608;-0.1059
1021;17.2894;79.5572;-0.1138
1022;18.6940;79.5520;-0.1272
1023;20.0709;79.5494;-0.1374
1024;21.4113;79.5552;-0.1505
1025;1.1395;78.4199;0.0076
1026;2.4975;78.3886;-0.0005
1027;3.8594;78.3837;-0.0115
1028;5.2410;78.3827;-0.0186
1029;6.6411;78.3817;-0.0275
1030;8.0527;78.3798;-0.0448
1031;9.4686;78.3762;-0.0529
1032;10.8869;78.3732;-0.0621
1033;12.3085;78.3676;-0.0759
1034;13.7322;78.3635;-0.0907
1035;15.1551;78.3599;-0.0989
1036;16.5780;78.3561;-0.1087
1037;17.9943;78.3491;-0.1183
1038;19.4026;78.3481;-0.1279
1039;20.8228;78.3838;-0.1440
1040;0.7859;77.2025;0.0133
1041;1.9058;77.1894;0.0051
1042;3.1942;77.1896;-0.0051
1043;4.5484;77.1857;-0.0157
1044;5.9352;77.1832;-0.0224
1045;7.3405;77.1803;-0.0350
1046;8.7552;77.1770;-0.0477
1047;10.1718;77.1725;-0.0550
1048;11.5934;77.1694;-0.0665
1049;13.0159;77.1636;-0.0820
1050;14.4387;77.1596;-0.0904
1051;15.8617;77.1553;-0.1035
1052;17.2784;77.1468;-0.1153
1053;18.6819;77.1393;-0.1262
1054;20.0438;77.1460;-0.1377
1055;21.2785;77.2534;-0.1464
1056;1.1448;75.9552;0.0085
1057;2.4991;75.9970;0.0007
1058;3.8555;75.9924;-0.0074
1059;5.2344;75.9868;-0.0169
1060;6.6323;75.9834;-0.0274
1061;8.0434;75.9786;-0.0407
1062;9.4591;75.9738;-0.0494
1063;10.8776;75.9690;-0.0579
1064;12.2987;75.9642;-0.0753
1065;13.7209;75.9593;-0.0828
1066;15.1450;75.9543;-0.0967
1067;16.5698;75.9479;-0.1105
1068;17.9967;75.9409;-0.1189
1069;19.4350;75.9333;-0.1322
1070;20.9189;75.9726;-0.1442
1071;0.8390;74.6849;0.0101
1072;1.9576;74.8014;0.0044
1073;3.2144;74.7970;-0.0029
1074;4.5516;74.7913;-0.0114
1075;5.9319;74.7859;-0.0224
1076;7.3334;74.7809;-0.0319
1077;8.7452;74.7758;-0.0410
1078;10.1646;74.7710;-0.0543
1079;11.5849;74.7650;-0.0683
1080;13.0053;74.7597;-0.0777
1081;14.4290;74.7541;-0.0856
1082;15.8531;74.7476;-0.0988
1083;17.2752;74.7418;-0.1152
1084;18.6908;74.7348;-0.1250
1085;20.0810;74.7266;-0.1330
1086;21.3306;74.7180;-0.1441
1087;1.2809;73.6122;0.0084
1088;2.5558;73.5962;-0.0006
1089;3.8712;73.5903;-0.0057
1090;5.2338;73.5865;-0.0159
1091;6.6274;73.5819;-0.0294
1092;8.0349;73.5773;-0.0403
1093;9.4499;73.5727;-0.0515
1094;10.8693;73.5653;-0.0619
1095;12.2893;73.5600;-0.0747
1096;13.7128;73.5543;-0.0843
1097;15.1376;73.5475;-0.0948
1098;16.5621;73.5431;-0.1081
1099;17.9886;73.5365;-0.1178
1100;19.4267;73.5274;-0.1304
1101;20.9099;73.4648;-0.1410
1102;0.8434;72.5749;0.0110
1103;1.9632;72.4055;0.0042
1104;3.2145;72.3875;-0.0017
1105;4.5467;72.3868;-0.0111
1106;5.9246;72.3827;-0.0191
1107;7.3257;72.3793;-0.0320
1108;8.7365;72.3744;-0.0441
1109;10.1540;72.3683;-0.0525
1110;11.5742;72.3606;-0.0661
1111;12.9962;72.3552;-0.0796
1112;14.4202;72.3490;-0.0915
1113;15.8420;72.3425;-0.0973
1114;17.2617;72.3369;-0.1102
1115;18.6665;72.3291;-0.1213
1116;20.0299;72.3023;-0.1320
1117;21.2679;72.1666;-0.1460
1118;1.1538;71.2903;0.0096
1119;2.4974;71.1975;0.0002
1120;3.8461;71.1865;-0.0078
1121;5.2199;71.1855;-0.0139
1122;6.6157;71.1802;-0.0268
1123;8.0253;71.1760;-0.0367
1124;9.4412;71.1701;-0.0470
1125;10.8581;71.1629;-0.0572
1126;12.2812;71.1572;-0.0716
1127;13.7031;71.1504;-0.0851
1128;15.1268;71.1431;-0.0921
1129;16.5502;71.1357;-0.1016
1130;17.9686;71.1262;-0.1161
1131;19.3809;71.1074;-0.1226
1132;20.8067;71.0435;-0.1355
1133;0.7925;70.0583;0.0176
1134;1.8966;70.0249;0.0112
1135;3.1759;69.9936;0.0012
1136;4.5258;69.9876;-0.0098
1137;5.9103;69.9836;-0.0216
1138;7.3140;69.9785;-0.0322
1139;8.7284;69.9726;-0.0416
1140;10.1452;69.9657;-0.0527
1141;11.5654;69.9594;-0.0639
1142;12.9876;69.9517;-0.0777
1143;14.4094;69.9439;-0.0855
1144;15.8343;69.9357;-0.1001
1145;17.2537;69.9273;-0.1096
1146;18.6624;69.9154;-0.1179
1147;20.0478;69.8926;-0.1265
1148;21.4014;69.8539;-0.1401
1149;1.1303;68.8249;0.0155
1150;2.4682;68.8052;0.0056
1151;3.8257;68.7940;-0.0021
1152;5.2061;68.7881;-0.0113
1153;6.6044;68.7823;-0.0241
1154;8.0158;68.7750;-0.0359
1155;9.4318;68.7691;-0.0465
1156;10.8506;68.7609;-0.0579
1157;12.2723;68.7521;-0.0710
1158;13.6922;68.7446;-0.0824
1159;15.1181;68.7369;-0.0921
1160;16.5422;68.7289;-0.1022
1161;17.9607;68.7176;-0.1132
1162;19.3761;68.7034;-0.1238
1163;20.8087;68.7075;-0.1338
1164;0.7936;67.6056;0.0198
1165;1.8940;67.5997;0.0104
1166;3.1688;67.6019;0.0056
1167;4.5156;67.5935;-0.0023
1168;5.9008;67.5864;-0.0159
1169;7.3047;67.5791;-0.0282
1170;8.7172;67.5713;-0.0424
1171;10.1360;67.5636;-0.0511
1172;11.5567;67.5551;-0.0660
1173;12.9765;67.5471;-0.0743
1174;14.4000;67.5388;-0.0826
1175;15.8241;67.5296;-0.0948
1176;17.2451;67.5184;-0.1079
1177;18.6520;67.5045;-0.1167
1178;20.0248;67.4889;-0.1275
1179;21.2744;67.5645;-0.1357
1180;1.1416;66.3577;0.0153
1181;2.4838;66.4092;0.0073
1182;3.8281;66.4007;-0.0007
1183;5.2016;66.3920;-0.0102
1184;6.5969;66.3835;-0.0190
1185;8.0055;66.3745;-0.0348
1186;9.4210;66.3668;-0.0443
1187;10.8405;66.3566;-0.0568
1188;12.2614;66.3481;-0.0692
1189;13.6848;66.3411;-0.0819
1190;15.1086;66.3304;-0.0905
1191;16.5338;66.3213;-0.0994
1192;17.9621;66.3100;-0.1102
1193;19.4050;66.2998;-0.1204
1194;20.9159;66.2969;-0.1339
1195;0.8296;65.0810;0.0181
1196;1.9444;65.2190;0.0102
1197;3.1897;65.2059;0.0041
1198;4.5205;65.1962;-0.0045
1199;5.8968;65.1878;-0.0129
1200;7.2978;65.1789;-0.0275
1201;8.7105;65.1702;-0.0331
1202;10.1262;65.1603;-0.0478
1203;11.5468;65.1505;-0.0611
1204;12.9681;65.1418;-0.0752
1205;14.3906;65.1343;-0.0870
1206;15.8139;65.1237;-0.0926
1207;17.2365;65.1138;-0.1056
1208;18.6506;65.1051;-0.1167
1209;20.0322;65.1083;-0.1238
1210;21.3076;65.0120;-0.1345
1211;1.2784;64.0457;0.0144
1212;2.5320;64.0067;0.0086
1213;3.8409;63.9965;0.0021
1214;5.2007;63.9888;-0.0090
1215;6.5921;63.9822;-0.0223
1216;7.9981;63.9737;-0.0308
1217;9.4124;63.9646;-0.0402
1218;10.8323;63.9539;-0.0531
1219;12.2539;63.9450;-0.0668
1220;13.6753;63.9350;-0.0783
1221;15.0985;63.9259;-0.0888
1222;16.5219;63.9158;-0.0975
1223;17.9470;63.9048;-0.1079
1224;19.3703;63.8935;-0.1174
1225;20.8051;63.8881;-0.1297
1226;0.7926;63.0670;0.0218
1227;1.9148;62.8222;0.0138
1228;3.1743;62.7963;0.0058
1229;4.5101;62.7910;-0.0016
1230;5.8883;62.7849;-0.0128
1231;7.2882;62.7774;-0.0229
1232;8.7002;62.7691;-0.0363
1233;10.1175;62.7593;-0.0483
1234;11.5381;62.7486;-0.0616
1235;12.9603;62.7379;-0.0757
1236;14.3833;62.7278;-0.0877
1237;15.8060;62.7184;-0.0944
1238;17.2293;62.7062;-0.1036
1239;18.6489;62.6937;-0.1138
1240;20.0519;62.6801;-0.1237
1241;21.3929;62.7648;-0.1347
1242;1.1134;61.7118;0.0217
1243;2.4567;61.6119;0.0110
1244;3.8076;61.5963;0.0021
1245;5.1841;61.5904;-0.0086
1246;6.5799;61.5823;-0.0192
1247;7.9884;61.5734;-0.0281
1248;9.4037;61.5636;-0.0416
1249;10.8232;61.5524;-0.0505
1250;12.2447;61.5412;-0.0625
1251;13.6681;61.5312;-0.0783
1252;15.0896;61.5208;-0.0879
1253;16.5144;61.5093;-0.0962
1254;17.9428;61.4973;-0.1053
1255;19.3816;61.4864;-0.1177
1256;20.8543;61.4755;-0.1315
1257;0.7744;60.4784;0.0276
1258;1.8629;60.4345;0.0183
1259;3.1413;60.4063;0.0056
1260;4.4903;60.3953;-0.0057
1261;5.8761;60.3878;-0.0141
1262;7.2771;60.3780;-0.0238
1263;8.6910;60.3679;-0.0346
1264;10.1077;60.3561;-0.0461
1265;11.5280;60.3453;-0.0570
1266;12.9498;60.3334;-0.0661
1267;14.3742;60.3231;-0.0811
1268;15.7975;60.3119;-0.0933
1269;17.2205;60.3003;-0.1000
1270;18.6417;60.2899;-0.1097
1271;20.0496;60.2799;-0.1234
1272;21.3926;60.1755;-0.1348
1273;1.1041;59.2216;0.0251
1274;2.4422;59.2191;0.0149
1275;3.7958;59.2044;0.0023
1276;5.1738;59.1938;-0.0088
1277;6.5700;59.1846;-0.0155
1278;7.9798;59.1737;-0.0275
1279;9.3947;59.1621;-0.0375
1280;10.8129;59.1514;-0.0490
1281;12.2332;59.1386;-0.0655
1282;13.6570;59.1265;-0.0739
1283;15.0810;59.1153;-0.0851
1284;16.5033;59.1028;-0.0937
1285;17.9306;59.0910;-0.1053
1286;19.3579;59.0774;-0.1164
1287;20.7979;59.0578;-0.1246
1288;0.7997;57.9777;0.0266
1289;1.8926;58.0206;0.0176
1290;3.1479;58.0139;0.0135
1291;4.4869;58.0011;0.0028
1292;5.8670;57.9901;-0.0111
1293;7.2700;57.9786;-0.0222
1294;8.6823;57.9670;-0.0369
1295;10.0984;57.9553;-0.0435
1296;11.5196;57.9429;-0.0570
1297;12.9398;57.9295;-0.0655
1298;14.3647;57.9181;-0.0792
1299;15.7868;57.9063;-0.0879
1300;17.2100;57.8934;-0.0947
1301;18.6253;57.8777;-0.1080
1302;20.0125;57.8503;-0.1188
1303;21.2949;57.9227;-0.1271
1304;1.1938;56.8126;0.0248
1305;2.4811;56.8167;0.0192
1306;3.8032;56.8061;0.0092
1307;5.1700;56.7952;-0.0062
1308;6.5634;56.7839;-0.0151
1309;7.9702;56.7724;-0.0250
1310;9.3865;56.7590;-0.0384
1311;10.8061;56.7477;-0.0515
1312;12.2247;56.7351;-0.0579
1313;13.6467;56.7216;-0.0701
1314;15.0709;56.7093;-0.0850
1315;16.4969;56.6977;-0.0932
1316;17.9283;56.6839;-0.1012
1317;19.3788;56.6668;-0.1130
1318;20.9000;56.6444;-0.1279
1319;0.6938;55.6639;0.0282
1320;1.8791;55.6333;0.0237
1321;3.1459;55.6119;0.0117
1322;4.4822;55.6003;0.0017
1323;5.8614;55.5906;-0.0061
1324;7.2621;55.5783;-0.0193
1325;8.6745;55.5653;-0.0306
1326;10.0911;55.5516;-0.0451
1327;11.5099;55.5398;-0.0559
1328;12.9322;55.5257;-0.0648
1329;14.3543;55.5134;-0.0755
1330;15.7776;55.5010;-0.0870
1331;17.1993;55.4878;-0.0951
1332;18.6145;55.4757;-0.1051
1333;20.0009;55.4660;-0.1197
1334;21.2766;55.3693;-0.1311
1335;1.1973;54.4855;0.0265
1336;2.4790;54.4232;0.0179
1337;3.7998;54.4046;0.0064
1338;5.1637;54.3957;-0.0002
1339;6.5558;54.3845;-0.0105
1340;7.9629;54.3721;-0.0213
1341;9.3769;54.3587;-0.0358
1342;10.7951;54.3447;-0.0510
1343;12.2163;54.3317;-0.0608
1344;13.6382;54.3188;-0.0696
1345;15.0616;54.3044;-0.0846
1346;16.4864;54.2902;-0.0917
1347;17.9102;54.2775;-0.1004
1348;19.3371;54.2639;-0.1121
1349;20.7856;54.2335;-0.1220
1350;0.8004;53.3412;0.0304
1351;1.8863;53.2415;0.0240
1352;3.1393;53.2097;0.0157
1353;4.4740;53.1992;0.0038
1354;5.8531;53.1899;-0.0082
1355;7.2526;53.1782;-0.0178
1356;8.6641;53.1659;-0.0291
1357;10.0818;53.1509;-0.0456
1358;11.5006;53.1370;-0.0521
1359;12.9232;53.1233;-0.0627
1360;14.3458;53.1089;-0.0755
1361;15.7692;53.0949;-0.0871
1362;17.1924;53.0799;-0.0952
1363;18.6084;53.0668;-0.1042
1364;20.0104;53.0618;-0.1127
1365;21.3889;53.0849;-0.1264
1366;1.1041;52.0801;0.0316
1367;2.4306;52.0225;0.0220
1368;3.7736;52.0030;0.0114
1369;5.1483;51.9949;-0.0033
1370;6.5438;51.9842;-0.0132
1371;7.9509;51.9713;-0.0182
1372;9.3676;51.9568;-0.0382
1373;10.7866;51.9432;-0.0480
1374;12.2069;51.9288;-0.0543
1375;13.6295;51.9132;-0.0682
1376;15.0513;51.8989;-0.0796
1377;16.4773;51.8838;-0.0883
1378;17.9010;51.8691;-0.0986
1379;19.3272;51.8613;-0.1062
1380;20.7781;51.9036;-0.1183
1381;0.7498;50.8844;0.0348
1382;1.8460;50.8315;0.0263
1383;3.1060;50.8026;0.0152
1384;4.4514;50.7966;0.0013
1385;5.8384;50.7888;-0.0110
1386;7.2418;50.7781;-0.0176
1387;8.6542;50.7642;-0.0321
1388;10.0703;50.7498;-0.0383
1389;11.4912;50.7344;-0.0505
1390;12.9140;50.7191;-0.0599
1391;14.3363;50.7041;-0.0715
1392;15.7592;50.6888;-0.0865
1393;17.1831;50.6731;-0.0940
1394;18.5976;50.6571;-0.1045
1395;19.9819;50.6621;-0.1116
1396;21.2480;50.7859;-0.1209
1397;1.0489;49.6338;0.0345
1398;2.3642;49.5930;0.0244
1399;3.7302;49.5928;0.0103
1400;5.1222;49.5912;-0.0001
1401;6.5293;49.5829;-0.0142
1402;7.9412;49.5709;-0.0240
1403;9.3569;49.5564;-0.0308
1404;10.7760;49.5413;-0.0424
1405;12.1974;49.5257;-0.0577
1406;13.6206;49.5093;-0.0658
1407;15.0440;49.4947;-0.0763
1408;16.4693;49.4778;-0.0878
1409;17.9050;49.4607;-0.1007
1410;19.3604;49.4495;-0.1064
1411;20.8742;49.4960;-0.1157
1412;1.4800;48.4449;0.0314
1413;2.9560;48.4014;0.0199
1414;4.3895;48.3971;0.0033
1415;5.8081;48.3893;-0.0058
1416;7.2260;48.3779;-0.0154
1417;8.6429;48.3632;-0.0265
1418;10.0602;48.3476;-0.0346
1419;11.4809;48.3314;-0.0496
1420;12.9045;48.3154;-0.0601
1421;14.3271;48.2999;-0.0722
1422;15.7520;48.2823;-0.0825
1423;17.1785;48.2676;-0.0933
1424;18.6093;48.2522;-0.1020
1425;20.0235;48.2416;-0.1059
1426;21.3020;48.2366;-0.1193
1427;0.8712;47.3101;0.0360
1428;2.2363;47.2241;0.0242
1429;3.6638;47.2103;0.0122
1430;5.0886;47.1990;0.0041
1431;6.5091;47.1859;-0.0106
1432;7.9295;47.1707;-0.0218
1433;9.3486;47.1559;-0.0319
1434;10.7660;47.1394;-0.0390
1435;12.1870;47.1226;-0.0525
1436;13.6112;47.1057;-0.0618
1437;15.0348;47.0892;-0.0767
1438;16.4629;47.0731;-0.0879
1439;17.8985;47.0586;-0.0955
1440;19.3569;47.0423;-0.1028
1441;20.8779;46.9781;-0.1182
1442;1.4193;46.0276;0.0331
1443;2.9117;46.0262;0.0185
1444;4.3607;46.0113;0.0070
1445;5.7915;45.9962;-0.0094
1446;7.2136;45.9803;-0.0190
1447;8.6341;45.9627;-0.0319
1448;10.0534;45.9454;-0.0390
1449;11.4730;45.9296;-0.0463
1450;12.8952;45.9120;-0.0577
1451;14.3184;45.8947;-0.0703
1452;15.7429;45.8773;-0.0812
1453;17.1672;45.8637;-0.0932
1454;18.5864;45.8481;-0.1013
1455;19.9740;45.8177;-0.1111
1456;21.2598;45.6807;-0.1205
1457;0.8654;44.7287;0.0377
1458;2.2301;44.8342;0.0267
1459;3.6511;44.8250;0.0166
1460;5.0772;44.8073;-0.0037
1461;6.4986;44.7896;-0.0081
1462;7.9186;44.7720;-0.0209
1463;9.3391;44.7540;-0.0313
1464;10.7601;44.7367;-0.0434
1465;12.1801;44.7195;-0.0555
1466;13.6021;44.7022;-0.0649
1467;15.0259;44.6837;-0.0775
1468;16.4509;44.6669;-0.0865
1469;17.8787;44.6503;-0.0956
1470;19.3097;44.6237;-0.1064
1471;20.7677;44.5624;-0.1176
1472;1.4685;43.6209;0.0328
1473;2.9255;43.6305;0.0207
1474;4.3595;43.6177;0.0054
1475;5.7825;43.6000;-0.0016
1476;7.2049;43.5821;-0.0144
1477;8.6253;43.5622;-0.0297
1478;10.0439;43.5447;-0.0383
1479;11.4657;43.5270;-0.0523
1480;12.8858;43.5083;-0.0598
1481;14.3073;43.4900;-0.0713
1482;15.7341;43.4722;-0.0842
1483;17.1585;43.4545;-0.0922
1484;18.5794;43.4338;-0.1048
1485;19.9890;43.4102;-0.1068
1486;21.3825;43.3860;-0.1211
1487;0.9648;42.4886;0.0390
1488;2.2608;42.4167;0.0280
1489;3.6577;42.4246;0.0148
1490;5.0728;42.4096;0.0017
1491;6.4905;42.3915;-0.0079
1492;7.9106;42.3717;-0.0225
1493;9.3301;42.3533;-0.0308
1494;10.7501;42.3352;-0.0431
1495;12.1713;42.3158;-0.0535
1496;13.5930;42.2974;-0.0655
1497;15.0164;42.2781;-0.0790
1498;16.4406;42.2599;-0.0866
1499;17.8687;42.2411;-0.0966
1500;19.3015;42.2218;-0.1042
1501;20.7653;42.2323;-0.1159
1502;1.3673;41.2196;0.0340
1503;2.8968;41.2327;0.0225
1504;4.3472;41.2210;0.0102
1505;5.7747;41.2009;-0.0006
1506;7.1960;41.1812;-0.0139
1507;8.6148;41.1624;-0.0230
1508;10.0367;41.1428;-0.0415
1509;11.4567;41.1234;-0.0496
1510;12.8784;41.1047;-0.0590
1511;14.2984;41.0859;-0.0707
1512;15.7237;41.0667;-0.0781
1513;17.1475;41.0472;-0.0846
1514;18.5680;41.0252;-0.1006
1515;19.9672;41.0114;-0.1120
1516;21.2516;41.1040;-0.1184
1517;0.9799;39.9500;0.0409
1518;2.2631;40.0440;0.0278
1519;3.6552;40.0327;0.0138
1520;5.0671;40.0124;0.0080
1521;6.4827;39.9918;-0.0069
1522;7.9025;39.9709;-0.0182
1523;9.3205;39.9521;-0.0280
1524;10.7408;39.9314;-0.0390
1525;12.1621;39.9126;-0.0513
1526;13.5834;39.8936;-0.0612
1527;15.0089;39.8745;-0.0729
1528;16.4354;39.8547;-0.0811
1529;17.8715;39.8346;-0.0933
1530;19.3334;39.8187;-0.1089
1531;20.8726;39.8293;-0.1152
1532;1.4716;38.8256;0.0383
1533;2.9249;38.8399;0.0246
1534;4.3505;38.8230;0.0161
1535;5.7701;38.8031;-0.0004
1536;7.1887;38.7818;-0.0129
1537;8.6074;38.7614;-0.0250
1538;10.0271;38.7423;-0.0361
1539;11.4454;38.7221;-0.0437
1540;12.8674;38.7019;-0.0557
1541;14.2913;38.6825;-0.0658
1542;15.7154;38.6610;-0.0756
1543;17.1421;38.6423;-0.0872
1544;18.5690;38.6255;-0.1012
1545;19.9757;38.6290;-0.1091
1546;21.2758;38.5532;-0.1149
1547;0.8577;37.6829;0.0446
1548;2.2417;37.6548;0.0329
1549;3.6455;37.6346;0.0187
1550;5.0585;37.6138;0.0079
1551;6.4756;37.5930;-0.0066
1552;7.8933;37.5714;-0.0138
1553;9.3116;37.5519;-0.0263
1554;10.7312;37.5302;-0.0335
1555;12.1516;37.5102;-0.0461
1556;13.5744;37.4912;-0.0601
1557;14.9986;37.4702;-0.0706
1558;16.4254;37.4492;-0.0774
1559;17.8594;37.4302;-0.0949
1560;19.3042;37.4146;-0.1056
1561;20.7702;37.4156;-0.1130
1562;1.4713;36.5128;0.0430
1563;2.9210;36.4498;0.0268
1564;4.3449;36.4253;0.0130
1565;5.7619;36.4045;0.0012
1566;7.1794;36.3818;-0.0088
1567;8.5980;36.3613;-0.0201
1568;10.0182;36.3399;-0.0343
1569;11.4380;36.3193;-0.0447
1570;12.8584;36.2997;-0.0533
1571;14.2807;36.2792;-0.0632
1572;15.7065;36.2581;-0.0738
1573;17.1362;36.2370;-0.0839
1574;18.5685;36.2174;-0.0951
1575;19.9984;36.2026;-0.1030
1576;21.3754;36.3022;-0.1176
1577;0.9833;35.4079;0.0427
1578;2.2588;35.2671;0.0333
1579;3.6405;35.2327;0.0221
1580;5.0517;35.2147;0.0047
1581;6.4676;35.1941;-0.0045
1582;7.8843;35.1730;-0.0135
1583;9.3023;35.1507;-0.0259
1584;10.7227;35.1294;-0.0368
1585;12.1430;35.1091;-0.0458
1586;13.5654;35.0872;-0.0575
1587;14.9888;35.0660;-0.0678
1588;16.4177;35.0450;-0.0839
1589;17.8539;35.0243;-0.0955
1590;19.3118;35.0069;-0.0992
1591;20.8180;35.0009;-0.1154
1592;1.3600;34.1178;0.0408
1593;2.8708;34.0498;0.0241
1594;4.3206;34.0256;0.0138
1595;5.7480;34.0050;0.0041
1596;7.1692;33.9836;-0.0075
1597;8.5899;33.9613;-0.0213
1598;10.0069;33.9405;-0.0291
1599;11.4285;33.9183;-0.0402
1600;12.8491;33.8966;-0.0532
1601;14.2719;33.8743;-0.0640
1602;15.6975;33.8528;-0.0751
1603;17.1266;33.8322;-0.0849
1604;18.5604;33.8123;-0.0921
1605;19.9934;33.8015;-0.1093
1606;21.3707;33.7108;-0.1155
1607;0.9425;32.8691;0.0470
1608;2.2097;32.8600;0.0349
1609;3.6160;32.8413;0.0204
1610;5.0361;32.8186;0.0119
1611;6.4551;32.7960;0.0021
1612;7.8758;32.7725;-0.0138
1613;9.2937;32.7506;-0.0249
1614;10.7147;32.7296;-0.0364
1615;12.1357;32.7066;-0.0477
1616;13.5568;32.6842;-0.0590
1617;14.9785;32.6613;-0.0630
1618;16.4075;32.6403;-0.0764
1619;17.8410;32.6182;-0.0838
1620;19.2872;32.5981;-0.0960
1621;20.7570;32.5821;-0.1139
1622;1.3634;31.6124;0.0425
1623;2.8665;31.6526;0.0302
1624;4.3144;31.6332;0.0163
1625;5.7410;31.6089;0.0074
1626;7.1600;31.5841;-0.0041
1627;8.5803;31.5627;-0.0175
1628;9.9990;31.5387;-0.0311
1629;11.4202;31.5166;-0.0370
1630;12.8406;31.4948;-0.0483
1631;14.2627;31.4695;-0.0594
1632;15.6875;31.4481;-0.0640
1633;17.1139;31.4255;-0.0804
1634;18.5428;31.4015;-0.0907
1635;19.9568;31.3668;-0.1034
1636;21.2731;31.4549;-0.1181
1637;0.9952;30.3249;0.0467
1638;2.2528;30.4446;0.0348
1639;3.6291;30.4456;0.0204
1640;5.0364;30.4224;0.0093
1641;6.4501;30.3975;0.0041
1642;7.8674;30.3737;-0.0089
1643;9.2848;30.3502;-0.0227
1644;10.7058;30.3265;-0.0355
1645;12.1261;30.3040;-0.0436
1646;13.5463;30.2806;-0.0518
1647;14.9720;30.2567;-0.0673
1648;16.4004;30.2338;-0.0753
1649;17.8391;30.2128;-0.0876
1650;19.3092;30.1893;-0.0951
1651;20.8728;30.1592;-0.1106
1652;1.4631;29.2089;0.0414
1653;2.9055;29.2454;0.0243
1654;4.3223;29.2335;0.0162
1655;5.7378;29.2103;0.0071
1656;7.1546;29.1861;-0.0035
1657;8.5719;29.1622;-0.0141
1658;9.9907;29.1384;-0.0285
1659;11.4108;29.1151;-0.0348
1660;12.8319;29.0912;-0.0488
1661;14.2536;29.0671;-0.0623
1662;15.6803;29.0436;-0.0757
1663;17.1052;29.0230;-0.0820
1664;18.5318;29.0052;-0.0962
1665;19.9471;28.9985;-0.1064
1666;21.2819;28.8645;-0.1170
1667;0.8526;28.0426;0.0482
1668;2.2261;28.0520;0.0338
1669;3.6219;28.0435;0.0243
1670;5.0294;28.0226;0.0087
1671;6.4432;27.9983;-0.0009
1672;7.8580;27.9748;-0.0110
1673;9.2770;27.9512;-0.0200
1674;10.6960;27.9261;-0.0323
1675;12.1157;27.9010;-0.0411
1676;13.5391;27.8768;-0.0545
1677;14.9621;27.8528;-0.0680
1678;16.3887;27.8303;-0.0774
1679;17.8165;27.8118;-0.0914
1680;19.2505;27.8046;-0.1003
1681;20.7166;27.7945;-0.1088
1682;1.4536;26.8949;0.0499
1683;2.8979;26.8547;0.0299
1684;4.3163;26.8344;0.0200
1685;5.7306;26.8114;0.0057
1686;7.1450;26.7872;-0.0024
1687;8.5631;26.7613;-0.0145
1688;9.9826;26.7371;-0.0311
1689;11.4016;26.7122;-0.0373
1690;12.8228;26.6875;-0.0480
1691;14.2450;26.6633;-0.0589
1692;15.6680;26.6392;-0.0704
1693;17.0886;26.6181;-0.0843
1694;18.4998;26.6092;-0.0924
1695;19.8841;26.6259;-0.1023
1696;21.2423;26.7114;-0.1080
1697;0.9643;25.7728;0.0506
1698;2.2339;25.6645;0.0391
1699;3.6154;25.6438;0.0277
1700;5.0219;25.6230;0.0168
1701;6.4332;25.5996;0.0036
1702;7.8492;25.5744;-0.0043
1703;9.2691;25.5495;-0.0198
1704;10.6863;25.5255;-0.0244
1705;12.1080;25.4995;-0.0399
1706;13.5278;25.4763;-0.0483
1707;14.9516;25.4488;-0.0655
1708;16.3706;25.4251;-0.0730
1709;17.7768;25.4061;-0.0851
1710;19.1432;25.4036;-0.0940
1711;20.4228;25.4384;-0.1018
1712;21.5412;25.3598;-0.1129
1713;1.3391;24.4988;0.0474
1714;2.8529;24.4661;0.0359
1715;4.2966;24.4386;0.0221
1716;5.7197;24.4126;0.0062
1717;7.1356;24.3878;-0.0017
1718;8.5547;24.3624;-0.0151
1719;9.9742;24.3364;-0.0273
1720;11.3942;24.3114;-0.0319
1721;12.8153;24.2865;-0.0455
1722;14.2365;24.2606;-0.0594
1723;15.6559;24.2340;-0.0669
1724;17.0684;24.2101;-0.0787
1725;18.4556;24.1909;-0.0881
1726;19.7878;24.1902;-0.0977
1727;21.0576;24.1897;-0.0998
1728;0.9452;23.2350;0.0557
1729;2.2210;23.2964;0.0439
1730;3.6034;23.2572;0.0249
1731;5.0104;23.2291;0.0171
1732;6.4255;23.2024;0.0037
1733;7.8410;23.1760;-0.0071
1734;9.2595;23.1491;-0.0230
1735;10.6789;23.1245;-0.0351
1736;12.0992;23.0980;-0.0391
1737;13.5204;23.0717;-0.0495
1738;14.9414;23.0453;-0.0597
1739;16.3580;23.0188;-0.0686
1740;17.7567;22.9928;-0.0739
1741;19.1064;22.9712;-0.0857
1742;20.3553;22.9593;-0.0938
1743;21.4434;22.9936;-0.1059
1744;1.4421;22.1034;0.0504
1745;2.8763;22.0716;0.0385
1746;4.2953;22.0429;0.0214
1747;5.7113;22.0160;0.0126
1748;7.1271;21.9899;-0.0002
1749;8.5453;21.9629;-0.0135
1750;9.9639;21.9370;-0.0213
1751;11.3845;21.9093;-0.0353
1752;12.8046;21.8831;-0.0407
1753;14.2249;21.8554;-0.0525
1754;15.6463;21.8293;-0.0641
1755;17.0583;21.8005;-0.0736
1756;18.4492;21.7734;-0.0822
1757;19.8064;21.7488;-0.0990
1758;21.1349;21.7462;-0.1030
1759;0.8523;21.0007;0.0547
1760;2.1891;20.8821;0.0442
1761;3.5875;20.8564;0.0315
1762;5.0007;20.8305;0.0189
1763;6.4157;20.8041;0.0060
1764;7.8325;20.7755;-0.0078
1765;9.2506;20.7501;-0.0160
1766;10.6694;20.7233;-0.0252
1767;12.0900;20.6964;-0.0372
1768;13.5097;20.6695;-0.0464
1769;14.9310;20.6420;-0.0542
1770;16.3476;20.6130;-0.0660
1771;17.7475;20.5834;-0.0808
1772;19.1062;20.5574;-0.0956
1773;20.3770;20.5280;-0.0964
1774;21.4728;20.5124;-0.1107
1775;1.3869;19.7038;0.0511
1776;2.8510;19.6749;0.0389
1777;4.2819;19.6469;0.0228
1778;5.7015;19.6198;0.0154
1779;7.1183;19.5915;0.0021
1780;8.5360;19.5640;-0.0106
1781;9.9548;19.5368;-0.0219
1782;11.3745;19.5093;-0.0311
1783;12.7960;19.4819;-0.0474
1784;14.2161;19.4527;-0.0533
1785;15.6377;19.4254;-0.0624
1786;17.0475;19.3967;-0.0789
1787;18.4359;19.3687;-0.0881
1788;19.7860;19.3417;-0.0958
1789;21.1207;19.2674;-0.1019
1790;0.8501;18.4268;0.0557
1791;2.1840;18.4955;0.0494
1792;3.5814;18.4642;0.0321
1793;4.9918;18.4358;0.0184
1794;6.4073;18.4066;0.0121
1795;7.8232;18.3780;0.0000
1796;9.2399;18.3500;-0.0114
1797;10.6612;18.3223;-0.0254
1798;12.0798;18.2941;-0.0341
1799;13.5022;18.2646;-0.0521
1800;14.9217;18.2374;-0.0613
1801;16.3377;18.2087;-0.0687
1802;17.7321;18.1806;-0.0748
1803;19.0749;18.1536;-0.0909
1804;20.3193;18.1269;-0.0991
1805;21.4174;17.9838;-0.1055
1806;1.4378;17.3018;0.0533
1807;2.8657;17.2790;0.0389
1808;4.2801;17.2519;0.0295
1809;5.6954;17.2239;0.0170
1810;7.1094;17.1936;0.0079
1811;8.5262;17.1649;-0.0053
1812;9.9453;17.1371;-0.0166
1813;11.3660;17.1069;-0.0315
1814;12.7867;17.0781;-0.0418
1815;14.2093;17.0499;-0.0592
1816;15.6272;17.0219;-0.0612
1817;17.0351;16.9912;-0.0733
1818;18.4072;16.9600;-0.0817
1819;19.7205;16.9325;-0.0892
1820;20.9793;16.9158;-0.1010
1821;0.9411;16.1890;0.0584
1822;2.2099;16.0795;0.0477
1823;3.5862;16.0640;0.0289
1824;4.9883;16.0377;0.0230
1825;6.3982;16.0097;0.0140
1826;7.8141;15.9805;0.0027
1827;9.2315;15.9506;-0.0101
1828;10.6510;15.9230;-0.0178
1829;12.0715;15.8925;-0.0319
1830;13.4919;15.8634;-0.0438
1831;14.9124;15.8349;-0.0573
1832;16.3277;15.8035;-0.0683
1833;17.7205;15.7689;-0.0768
1834;19.0572;15.7347;-0.0914
1835;20.2973;15.7194;-0.0928
1836;21.4053;15.8590;-0.0995
1837;1.3301;14.9080;0.0507
1838;2.8327;14.8842;0.0417
1839;4.2675;14.8556;0.0280
1840;5.6859;14.8247;0.0170
1841;7.1030;14.7943;0.0037
1842;8.5188;14.7661;-0.0061
1843;9.9370;14.7365;-0.0109
1844;11.3562;14.7069;-0.0228
1845;12.7770;14.6775;-0.0351
1846;14.1970;14.6476;-0.0471
1847;15.6189;14.6172;-0.0631
1848;17.0274;14.5849;-0.0670
1849;18.4124;14.5474;-0.0817
1850;19.7612;14.5197;-0.0901
1851;21.0980;14.5770;-0.0918
1852;0.9681;13.6527;0.0544
1853;2.2136;13.7080;0.0455
1854;3.5819;13.6752;0.0369
1855;4.9810;13.6436;0.0258
1856;6.3916;13.6121;0.0119
1857;7.8074;13.5822;0.0017
1858;9.2232;13.5515;-0.0075
1859;10.6417;13.5218;-0.0180
1860;12.0623;13.4930;-0.0286
1861;13.4832;13.4613;-0.0424
1862;14.9042;13.4299;-0.0582
1863;16.3212;13.3996;-0.0626
1864;17.7190;13.3639;-0.0731
1865;19.0779;13.3308;-0.0824
1866;20.3577;13.3244;-0.0907
1867;21.4584;13.3292;-0.0990
1868;1.4335;12.5089;0.0541
1869;2.8608;12.4923;0.0436
1870;4.2693;12.4595;0.0331
1871;5.6798;12.4284;0.0235
1872;7.0945;12.3978;0.0080
1873;8.5103;12.3675;-0.0013
1874;9.9281;12.3362;-0.0145
1875;11.3472;12.3065;-0.0234
1876;12.7678;12.2758;-0.0349
1877;14.1887;12.2437;-0.0470
1878;15.6084;12.2132;-0.0574
1879;17.0219;12.1806;-0.0664
1880;18.4152;12.1467;-0.0783
1881;19.7810;12.1175;-0.0864
1882;21.1175;12.0971;-0.0938
1883;0.8412;11.3847;0.0597
1884;2.1916;11.3202;0.0465
1885;3.5724;11.2786;0.0364
1886;4.9737;11.2452;0.0240
1887;6.3829;11.2143;0.0195
1888;7.7979;11.1833;0.0060
1889;9.2153;11.1530;-0.0085
1890;10.6339;11.1205;-0.0219
1891;12.0544;11.0894;-0.0326
1892;13.4739;11.0595;-0.0412
1893;14.8945;11.0285;-0.0506
1894;16.3113;10.9962;-0.0635
1895;17.7140;10.9620;-0.0773
1896;19.0732;10.9326;-0.0868
1897;20.3499;10.8904;-0.0946
1898;21.4478;10.8541;-0.0947
1899;1.4366;10.1919;0.0524
1900;2.8583;10.1032;0.0419
1901;4.2644;10.0632;0.0295
1902;5.6743;10.0317;0.0207
1903;7.0854;10.0003;0.0166
1904;8.5018;9.9688;-0.0036
1905;9.9201;9.9376;-0.0108
1906;11.3391;9.9063;-0.0231
1907;12.7600;9.8744;-0.0360
1908;14.1795;9.8431;-0.0421
1909;15.5986;9.8117;-0.0569
1910;17.0118;9.7777;-0.0712
1911;18.4005;9.7479;-0.0789
1912;19.7516;9.7128;-0.0880
1913;21.0953;9.6166;-0.0977
1914;0.9791;9.0912;0.0506
1915;2.2133;8.9319;0.0476
1916;3.5730;8.8789;0.0372
1917;4.9671;8.8472;0.0236
1918;6.3773;8.8165;0.0163
1919;7.7903;8.7848;0.0039
1920;9.2057;8.7544;-0.0023
1921;10.6248;8.7218;-0.0165
1922;12.0454;8.6898;-0.0294
1923;13.4651;8.6578;-0.0376
1924;14.8831;8.6262;-0.0420
1925;16.3005;8.5914;-0.0592
1926;17.6961;8.5594;-0.0697
1927;19.0399;8.5287;-0.0812
1928;20.2911;8.4953;-0.0935
1929;21.4040;8.3196;-0.0961
1930;1.3376;7.7984;0.0500
1931;2.8130;7.7041;0.0448
1932;4.2447;7.6647;0.0282
1933;5.6617;7.6342;0.0203
1934;7.0778;7.6028;0.0078
1935;8.4911;7.5706;0.0043
1936;9.9099;7.5387;-0.0055
1937;11.3298;7.5051;-0.0211
1938;12.7506;7.4738;-0.0307
1939;14.1703;7.4403;-0.0389
1940;15.5883;7.4078;-0.0509
1941;16.9986;7.3728;-0.0686
1942;18.3758;7.3368;-0.0770
1943;19.6970;7.3032;-0.0874
1944;20.9652;7.2744;-0.0936
1945;0.9194;6.5631;0.0587
1946;2.1618;6.5265;0.0479
1947;3.5440;6.4883;0.0420
1948;4.9518;6.4537;0.0253
1949;6.3644;6.4204;0.0176
1950;7.7795;6.3871;0.0098
1951;9.1963;6.3565;-0.0004
1952;10.6143;6.3224;-0.0109
1953;12.0350;6.2897;-0.0247
1954;13.4550;6.2562;-0.0290
1955;14.8764;6.2225;-0.0427
1956;16.2926;6.1890;-0.0527
1957;17.6872;6.1509;-0.0663
1958;19.0327;6.1110;-0.0772
1959;20.2886;6.0871;-0.0881
1960;21.4043;6.1949;-0.0915
1961;1.3284;5.3052;0.0552
1962;2.8044;5.3133;0.0464
1963;4.2347;5.2784;0.0365
1964;5.6515;5.2417;0.0261
1965;7.0673;5.2064;0.0147
1966;8.4841;5.1746;0.0055
1967;9.9026;5.1414;-0.0081
1968;11.3197;5.1092;-0.0147
1969;12.7402;5.0736;-0.0267
1970;14.1623;5.0402;-0.0370
1971;15.5805;5.0055;-0.0493
1972;16.9925;4.9697;-0.0586
1973;18.3835;4.9294;-0.0709
1974;19.7432;4.8954;-0.0788
1975;21.0970;4.9268;-0.0878
1976;0.9689;4.0392;0.0649
1977;2.1997;4.1270;0.0537
1978;3.5558;4.1074;0.0410
1979;4.9504;4.0719;0.0296
1980;6.3589;4.0375;0.0243
1981;7.7727;4.0036;0.0146
1982;9.1887;3.9688;0.0002
1983;10.6060;3.9352;-0.0080
1984;12.0254;3.9019;-0.0225
1985;13.4461;3.8676;-0.0270
1986;14.8673;3.8329;-0.0422
1987;16.2834;3.7979;-0.0481
1988;17.6868;3.7593;-0.0619
1989;19.0535;3.7166;-0.0743
1990;20.3402;3.6939;-0.0813
1991;21.4565;3.6706;-0.0893
1992;1.4190;2.9292;0.0639
1993;2.8387;2.9488;0.0481
1994;4.2424;2.9233;0.0382
1995;5.6492;2.8897;0.0296
1996;7.0620;2.8541;0.0202
1997;8.4771;2.8193;0.0084
1998;9.8939;2.7848;0.0011
1999;11.3109;2.7508;-0.0065
2000;12.7346;2.7161;-0.0220
2001;14.1546;2.6807;-0.0324
2002;15.5725;2.6462;-0.0424
2003;16.9879;2.6089;-0.0561
2004;18.3899;2.5665;-0.0691
2005;19.7706;2.5076;-0.0715
2006;21.1167;2.4509;-0.0811
2007;0.8027;1.8059;0.0687
2008;2.1620;1.8374;0.0612
2009;3.5499;1.8197;0.0474
2010;4.9498;1.7865;0.0344
2011;6.3591;1.7517;0.0273
2012;7.7716;1.7151;0.0135
2013;9.1879;1.6793;0.0088
2014;10.6068;1.6446;-0.0064
2015;12.0267;1.6074;-0.0185
2016;13.4456;1.5725;-0.0288
2017;14.8663;1.5362;-0.0389
2018;16.2820;1.4993;-0.0447
2019;17.6900;1.4604;-0.0602
2020;19.0728;1.4072;-0.0705
2021;20.3970;1.2645;-0.0766
2022;21.4523;1.1682;-0.0849
2023;1.4203;0.8134;0.0656
2024;2.8582;0.7903;0.0542
2025;4.2676;0.7535;0.0383
2026;5.6756;0.7167;0.0304
2027;7.0867;0.6797;0.0222
2028;8.5023;0.6422;0.0106
2029;9.9193;0.6040;0.0009
2030;11.3378;0.5673;-0.0110
2031;12.7577;0.5291;-0.0193
2032;14.1784;0.4920;-0.0352
2033;15.5974;0.4542;-0.0407
2034;17.0122;0.4142;-0.0522
2035;18.4180;0.3699;-0.0576
2036;19.8307;0.2815;-0.0746
2037;21.2739;-0.1454;-0.0839
2038;0.9829;-0.1418;0.0677
2039;2.2568;-0.1604;0.0609
2040;3.6263;-0.2029;0.0501
2041;5.0254;-0.2424;0.0403
2042;6.4339;-0.2814;0.0298
2043;7.8493;-0.3214;0.0207
2044;9.2657;-0.3616;0.0083
2045;10.6830;-0.4012;-0.0030
2046;12.1041;-0.4430;-0.0120
2047;13.5240;-0.4820;-0.0219
2048;14.9448;-0.5231;-0.0361
