# Units: length:mm angle:deg time:s strain:% force:N 
# Stage: Stufe 851
stage;index;relative_time;date
"Stufe 851";851;264.5750;"2024-01-29T12:10:04.120"
# Name : Analogeingang 0
force;untransformed;transformed
7508.9779;2.5030;7508.9779
# Name : Flächenkomponente 1
id;x;y;z
0;0.1023;152.6263;0.0150
1;1.6432;152.7261;-0.0100
2;3.1849;152.7091;-0.0327
3;4.7273;152.6874;-0.0528
4;6.2715;152.6664;-0.0718
5;7.8130;152.6439;-0.0900
6;9.3600;152.6251;-0.1168
7;10.9055;152.5997;-0.1298
8;12.4564;152.5736;-0.1404
9;14.0082;152.5451;-0.1620
10;15.5619;152.5138;-0.1794
11;17.1185;152.4809;-0.1868
12;18.6786;152.4477;-0.2003
13;20.2404;152.4165;-0.2093
14;21.6892;152.0374;-0.2235
15;22.0237;150.6230;-0.2120
16;22.0065;149.0259;-0.2108
17;21.9921;147.4265;-0.2123
18;21.9759;145.8272;-0.1965
19;21.9620;144.2270;-0.1842
20;21.9517;142.6230;-0.1782
21;21.9410;141.0196;-0.1769
22;21.9333;139.4133;-0.1624
23;21.9272;137.8063;-0.1648
24;21.9214;136.2001;-0.1579
25;21.9179;134.5951;-0.1538
26;21.9131;132.9916;-0.1493
27;21.9114;131.3837;-0.1452
28;21.9068;129.7796;-0.1357
29;21.9028;128.1735;-0.1241
30;21.8996;126.5664;-0.1213
31;21.8969;124.9638;-0.1122
32;21.8933;123.3592;-0.1054
33;21.8894;121.7532;-0.0956
34;21.8861;120.1468;-0.0976
35;21.8835;118.5388;-0.0897
36;21.8793;116.9301;-0.0738
37;21.8760;115.3237;-0.0693
38;21.8755;113.7195;-0.0564
39;21.8731;112.1106;-0.0515
40;21.8740;110.4999;-0.0444
41;21.8709;108.8906;-0.0325
42;21.8717;107.2833;-0.0307
43;21.8687;105.6733;-0.0250
44;21.8693;104.0645;-0.0224
45;21.8652;102.4538;-0.0085
46;21.8616;100.8443;-0.0052
47;21.8630;99.2371;-0.0035
48;21.8619;97.6251;-0.0037
49;21.8602;96.0167;0.0042
50;21.8586;94.4063;0.0050
51;21.8542;92.7965;0.0243
52;21.8533;91.1894;0.0303
53;21.8547;89.5747;0.0330
54;21.8538;87.9647;0.0480
55;21.8543;86.3565;0.0547
56;21.8539;84.7451;0.0531
57;21.8545;83.1365;0.0594
58;21.8549;81.5248;0.0663
59;21.8578;79.9139;0.0646
60;21.8591;78.3020;0.0737
61;21.8583;76.6893;0.0862
62;21.8588;75.0798;0.0841
63;21.8597;73.4697;0.0921
64;21.8628;71.8570;0.0917
65;21.8671;70.2480;0.1010
66;21.8696;68.6373;0.1014
67;21.8705;67.0281;0.1047
68;21.8718;65.4148;0.1056
69;21.8722;63.8080;0.1131
70;21.8743;62.1957;0.1161
71;21.8762;60.5885;0.1227
72;21.8789;58.9794;0.1230
73;21.8814;57.3714;0.1221
74;21.8795;55.7596;0.1363
75;21.8825;54.1510;0.1338
76;21.8856;52.5441;0.1321
77;21.8888;50.9357;0.1309
78;21.8923;49.3295;0.1364
79;21.8930;47.7215;0.1446
80;21.8970;46.1156;0.1371
81;21.8999;44.5082;0.1380
82;21.9047;42.8999;0.1390
83;21.9099;41.2898;0.1397
84;21.9133;39.6838;0.1472
85;21.9208;38.0773;0.1447
86;21.9287;36.4667;0.1335
87;21.9325;34.8625;0.1444
88;21.9371;33.2577;0.1440
89;21.9429;31.6495;0.1477
90;21.9499;30.0427;0.1436
91;21.9572;28.4356;0.1433
92;21.9607;26.8296;0.1489
93;21.9652;25.2219;0.1552
94;21.9690;23.6155;0.1572
95;21.9769;22.0071;0.1532
96;21.9838;20.4004;0.1521
97;21.9861;18.7952;0.1529
98;21.9904;17.1901;0.1463
99;21.9949;15.5846;0.1445
100;22.0012;13.9788;0.1378
101;22.0084;12.3770;0.1328
102;22.0168;10.7734;0.1279
103;22.0264;9.1717;0.1235
104;22.0378;7.5725;0.1252
105;22.0519;5.9733;0.1137
106;22.0667;4.3740;0.1059
107;22.0822;2.7786;0.1024
108;22.0358;1.1847;0.0942
109;20.7763;0.7475;0.0921
110;19.2107;0.7366;0.0800
111;17.6497;0.7295;0.0775
112;16.0896;0.7200;0.0707
113;14.5319;0.7162;0.0711
114;12.9771;0.7075;0.0630
115;11.4221;0.7009;0.0650
116;9.8670;0.7044;0.0601
117;8.3183;0.6975;0.0523
118;6.7662;0.7020;0.0448
119;5.2227;0.7034;0.0379
120;3.6701;0.7135;0.0377
121;2.1223;0.7244;0.0420
122;0.5776;0.7228;0.0436
123;0.0651;2.0869;0.0476
124;0.0651;3.6781;0.0455
125;0.0667;5.2714;0.0345
126;0.0667;6.8665;0.0289
127;0.0636;8.4625;0.0301
128;0.0586;10.0602;0.0285
129;0.0500;11.6576;0.0480
130;0.0495;13.2617;0.0365
131;0.0419;14.8579;0.0350
132;0.0383;16.4562;0.0226
133;0.0276;18.0587;0.0247
134;0.0198;19.6579;0.0281
135;0.0139;21.2612;0.0235
136;0.0065;22.8617;0.0158
137;0.0016;24.4653;0.0195
138;-0.0009;26.0638;0.0100
139;-0.0033;27.6655;0.0024
140;-0.0072;29.2655;0.0015
141;-0.0133;30.8687;0.0074
142;-0.0152;32.4693;0.0113
143;-0.0165;34.0739;0.0081
144;-0.0187;35.6736;0.0110
145;-0.0198;37.2716;0.0030
146;-0.0227;38.8737;0.0089
147;-0.0215;40.4714;-0.0089
148;-0.0253;42.0740;0.0059
149;-0.0256;43.6744;0.0018
150;-0.0243;45.2752;-0.0256
151;-0.0305;46.8779;-0.0124
152;-0.0332;48.4836;-0.0092
153;-0.0350;50.0826;-0.0206
154;-0.0373;51.6846;-0.0309
155;-0.0402;53.2879;-0.0312
156;-0.0412;54.8899;-0.0291
157;-0.0416;56.4929;-0.0314
158;-0.0440;58.0948;-0.0278
159;-0.0442;59.6996;-0.0343
160;-0.0469;61.3019;-0.0301
161;-0.0503;62.9043;-0.0363
162;-0.0497;64.5059;-0.0438
163;-0.0502;66.1121;-0.0403
164;-0.0488;67.7113;-0.0492
165;-0.0493;69.3151;-0.0445
166;-0.0497;70.9161;-0.0532
167;-0.0492;72.5179;-0.0578
168;-0.0467;74.1217;-0.0649
169;-0.0486;75.7215;-0.0773
170;-0.0510;77.3251;-0.0673
171;-0.0527;78.9246;-0.0641
172;-0.0506;80.5277;-0.0643
173;-0.0516;82.1301;-0.0507
174;-0.0514;83.7313;-0.0454
175;-0.0495;85.3332;-0.0436
176;-0.0487;86.9369;-0.0527
177;-0.0502;88.5384;-0.0503
178;-0.0491;90.1395;-0.0531
179;-0.0502;91.7424;-0.0585
180;-0.0513;93.3455;-0.0571
181;-0.0540;94.9478;-0.0557
182;-0.0546;96.5496;-0.0686
183;-0.0555;98.1498;-0.0495
184;-0.0567;99.7532;-0.0505
185;-0.0557;101.3526;-0.0514
186;-0.0536;102.9577;-0.0539
187;-0.0586;104.5581;-0.0431
188;-0.0560;106.1609;-0.0399
189;-0.0569;107.7629;-0.0267
190;-0.0555;109.3662;-0.0330
191;-0.0534;110.9661;-0.0327
192;-0.0539;112.5670;-0.0206
193;-0.0527;114.1698;-0.0148
194;-0.0488;115.7696;-0.0235
195;-0.0508;117.3727;-0.0180
196;-0.0466;118.9734;-0.0099
197;-0.0406;120.5725;-0.0085
198;-0.0354;122.1732;-0.0027
199;-0.0310;123.7811;0.0074
200;-0.0267;125.3809;0.0078
201;-0.0240;126.9825;0.0163
202;-0.0176;128.5831;0.0114
203;-0.0111;130.1910;0.0168
204;-0.0044;131.7939;0.0094
205;0.0017;133.3987;0.0187
206;0.0125;135.0036;0.0174
207;0.0217;136.6118;0.0202
208;0.0324;138.2161;0.0257
209;0.0396;139.8216;0.0310
210;0.0500;141.4208;0.0308
211;0.0623;143.0262;0.0266
212;0.0720;144.6265;0.0247
213;0.0784;146.2289;0.0293
214;0.0859;147.8297;0.0226
215;0.0925;149.4275;0.0219
216;0.0973;151.0267;0.0148
217;1.1247;151.6036;0.0014
218;2.4543;151.4101;-0.0157
219;3.9151;151.4017;-0.0396
220;5.4264;151.3947;-0.0589
221;6.9541;151.3895;-0.0813
222;8.4945;151.3806;-0.0995
223;10.0374;151.3720;-0.1141
224;11.5815;151.3614;-0.1299
225;13.1334;151.3510;-0.1480
226;14.6801;151.3366;-0.1649
227;16.2243;151.3243;-0.1750
228;17.7538;151.3192;-0.1970
229;19.2485;151.3152;-0.2064
230;20.6753;151.1768;-0.2098
231;1.5440;150.1351;0.0082
232;3.0937;150.0833;-0.0268
233;4.6180;150.0832;-0.0466
234;6.1428;150.0891;-0.0709
235;7.6763;150.0932;-0.0878
236;9.2149;150.0952;-0.1053
237;10.7585;150.0979;-0.1136
238;12.3035;150.1013;-0.1370
239;13.8501;150.1000;-0.1468
240;15.3938;150.0978;-0.1674
241;16.9183;150.0970;-0.1812
242;18.3927;150.1003;-0.2003
243;19.7672;150.0759;-0.2072
244;21.0557;149.9216;-0.2011
245;1.1491;148.7212;0.0087
246;2.4212;148.7300;-0.0213
247;3.8718;148.7386;-0.0385
248;5.3720;148.7530;-0.0514
249;6.8967;148.7624;-0.0749
250;8.4294;148.7740;-0.0883
251;9.9681;148.7855;-0.1034
252;11.5108;148.7963;-0.1228
253;13.0552;148.8030;-0.1364
254;14.5995;148.8125;-0.1564
255;16.1320;148.8143;-0.1667
256;17.6325;148.8181;-0.1789
257;19.0680;148.8161;-0.1952
258;20.4497;148.8391;-0.2015
259;1.5610;147.2893;0.0020
260;3.0934;147.3704;-0.0264
261;4.6098;147.3919;-0.0487
262;6.1291;147.4071;-0.0622
263;7.6573;147.4212;-0.0765
264;9.1938;147.4368;-0.0964
265;10.7351;147.4496;-0.1124
266;12.2772;147.4644;-0.1288
267;13.8210;147.4754;-0.1457
268;15.3595;147.4856;-0.1569
269;16.8767;147.4918;-0.1707
270;18.3407;147.4920;-0.1850
271;19.7055;147.5120;-0.1893
272;20.9243;147.7472;-0.1998
273;1.1903;145.8022;0.0067
274;2.4627;145.9656;-0.0113
275;3.8882;146.0083;-0.0306
276;5.3769;146.0285;-0.0493
277;6.8928;146.0430;-0.0601
278;8.4230;146.0633;-0.0832
279;9.9618;146.0790;-0.1011
280;11.5035;146.0941;-0.1125
281;13.0460;146.1125;-0.1341
282;14.5863;146.1268;-0.1449
283;16.1215;146.1367;-0.1525
284;17.6336;146.1424;-0.1672
285;19.1116;146.1569;-0.1878
286;20.5833;146.2758;-0.1974
287;1.6471;144.5116;-0.0022
288;3.1290;144.6037;-0.0157
289;4.6208;144.6361;-0.0333
290;6.1286;144.6575;-0.0542
291;7.6546;144.6752;-0.0697
292;9.1883;144.6941;-0.0820
293;10.7294;144.7111;-0.1015
294;12.2725;144.7282;-0.1165
295;13.8152;144.7463;-0.1393
296;15.3545;144.7619;-0.1476
297;16.8813;144.7717;-0.1655
298;18.3634;144.7850;-0.1731
299;19.7622;144.8245;-0.1787
300;20.9645;144.8633;-0.1886
301;1.0344;143.1134;0.0089
302;2.4260;143.2015;-0.0064
303;3.8787;143.2403;-0.0371
304;5.3704;143.2655;-0.0449
305;6.8894;143.2835;-0.0662
306;8.4188;143.3014;-0.0766
307;9.9561;143.3203;-0.0892
308;11.4977;143.3371;-0.1070
309;13.0426;143.3566;-0.1272
310;14.5844;143.3733;-0.1345
311;16.1231;143.3887;-0.1509
312;17.6422;143.4068;-0.1623
313;19.1284;143.4243;-0.1737
314;20.5928;143.4462;-0.1825
315;1.6286;141.8230;0.0005
316;3.1176;141.8391;-0.0197
317;4.6084;141.8635;-0.0271
318;6.1223;141.8863;-0.0522
319;7.6462;141.9052;-0.0652
320;9.1839;141.9240;-0.0849
321;10.7249;141.9416;-0.1009
322;12.2687;141.9585;-0.1136
323;13.8132;141.9787;-0.1218
324;15.3541;141.9980;-0.1387
325;16.8796;142.0159;-0.1535
326;18.3562;142.0332;-0.1544
327;19.7442;142.0313;-0.1730
328;20.9359;142.0195;-0.1738
329;1.1364;140.4899;0.0131
330;2.4331;140.4376;-0.0102
331;3.8701;140.4648;-0.0299
332;5.3614;140.4864;-0.0406
333;6.8811;140.5076;-0.0602
334;8.4143;140.5267;-0.0747
335;9.9538;140.5469;-0.0939
336;11.4967;140.5624;-0.0993
337;13.0411;140.5806;-0.1170
338;14.5864;140.6001;-0.1295
339;16.1216;140.6178;-0.1466
340;17.6290;140.6377;-0.1508
341;19.0931;140.6529;-0.1639
342;20.5502;140.5874;-0.1678
343;1.5107;139.0584;0.0104
344;3.0723;139.0725;-0.0183
345;4.5900;139.0903;-0.0354
346;6.1128;139.1077;-0.0468
347;7.6424;139.1282;-0.0668
348;9.1822;139.1472;-0.0849
349;10.7213;139.1654;-0.0910
350;12.2676;139.1840;-0.1132
351;13.8115;139.2030;-0.1167
352;15.3524;139.2219;-0.1342
353;16.8714;139.2383;-0.1391
354;18.3264;139.2563;-0.1576
355;19.6777;139.2714;-0.1635
356;20.8826;139.1008;-0.1643
357;1.1319;137.6135;0.0044
358;2.4238;137.6918;-0.0061
359;3.8604;137.6984;-0.0197
360;5.3570;137.7135;-0.0359
361;6.8767;137.7308;-0.0618
362;8.4107;137.7502;-0.0802
363;9.9496;137.7666;-0.0873
364;11.4927;137.7854;-0.0944
365;13.0371;137.8029;-0.1093
366;14.5846;137.8231;-0.1203
367;16.1178;137.8391;-0.1370
368;17.6108;137.8528;-0.1413
369;19.0389;137.8687;-0.1500
370;20.3980;137.9053;-0.1590
371;1.6018;136.2818;0.0019
372;3.0964;136.3021;-0.0125
373;4.5944;136.3152;-0.0309
374;6.1109;136.3329;-0.0484
375;7.6402;136.3524;-0.0665
376;9.1782;136.3714;-0.0839
377;10.7227;136.3902;-0.0929
378;12.2664;136.4072;-0.1002
379;13.8146;136.4272;-0.1194
380;15.3529;136.4429;-0.1238
381;16.8719;136.4556;-0.1335
382;18.3359;136.4662;-0.1478
383;19.7025;136.4942;-0.1575
384;20.9135;136.7583;-0.1547
385;0.9962;134.9576;0.0095
386;2.3954;134.9175;-0.0062
387;3.8531;134.9218;-0.0221
388;5.3528;134.9372;-0.0384
389;6.8737;134.9553;-0.0527
390;8.4110;134.9735;-0.0763
391;9.9499;134.9929;-0.0809
392;11.4945;135.0126;-0.0932
393;13.0415;135.0305;-0.1126
394;14.5856;135.0482;-0.1165
395;16.1244;135.0607;-0.1328
396;17.6342;135.0699;-0.1392
397;19.1099;135.0930;-0.1479
398;20.5737;135.2012;-0.1534
399;1.6009;133.5824;0.0022
400;3.0955;133.5335;-0.0160
401;4.5945;133.5379;-0.0288
402;6.1075;133.5582;-0.0438
403;7.6415;133.5785;-0.0589
404;9.1782;133.5964;-0.0764
405;10.7227;133.6149;-0.0914
406;12.2687;133.6316;-0.1009
407;13.8150;133.6520;-0.1112
408;15.3586;133.6671;-0.1226
409;16.8826;133.6759;-0.1235
410;18.3628;133.6898;-0.1338
411;19.7494;133.7290;-0.1477
412;20.9246;133.7708;-0.1554
413;1.1293;132.2805;0.0091
414;2.4188;132.1509;0.0016
415;3.8546;132.1436;-0.0145
416;5.3532;132.1618;-0.0362
417;6.8750;132.1823;-0.0507
418;8.4097;132.1986;-0.0575
419;9.9516;132.2175;-0.0762
420;11.4984;132.2363;-0.0960
421;13.0410;132.2536;-0.0920
422;14.5895;132.2722;-0.1069
423;16.1315;132.2870;-0.1260
424;17.6464;132.2953;-0.1228
425;19.1269;132.3064;-0.1381
426;20.5714;132.3162;-0.1410
427;1.4978;130.8032;-0.0017
428;3.0500;130.7530;-0.0070
429;4.5783;130.7623;-0.0189
430;6.1073;130.7842;-0.0425
431;7.6393;130.8060;-0.0507
432;9.1835;130.8212;-0.0677
433;10.7251;130.8399;-0.0823
434;12.2763;130.8607;-0.1141
435;13.8193;130.8745;-0.1009
436;15.3641;130.8920;-0.1141
437;16.8930;130.9013;-0.1211
438;18.3763;130.8958;-0.1344
439;19.7453;130.8763;-0.1283
440;20.9036;130.8583;-0.1312
441;1.0703;129.3429;-0.0023
442;2.3690;129.3616;-0.0145
443;3.8362;129.3692;-0.0211
444;5.3456;129.3866;-0.0378
445;6.8749;129.4071;-0.0449
446;8.4113;129.4266;-0.0611
447;9.9552;129.4433;-0.0781
448;11.5026;129.4629;-0.0923
449;13.0492;129.4789;-0.0974
450;14.5955;129.4973;-0.1030
451;16.1424;129.5082;-0.1164
452;17.6733;129.5032;-0.1247
453;19.1746;129.4621;-0.1262
454;20.6064;129.3974;-0.1302
455;1.4860;127.9198;-0.0098
456;3.0472;127.9777;-0.0131
457;4.5777;127.9925;-0.0314
458;6.1073;128.0114;-0.0428
459;7.6423;128.0297;-0.0510
460;9.1842;128.0482;-0.0684
461;10.7271;128.0659;-0.0763
462;12.2768;128.0857;-0.0942
463;13.8266;128.1042;-0.1011
464;15.3775;128.1194;-0.1050
465;16.9325;128.1238;-0.1073
466;18.5019;128.1091;-0.1187
467;20.1306;128.0580;-0.1276
468;1.1079;126.4513;0.0020
469;2.4099;126.5710;-0.0027
470;3.8546;126.5968;-0.0261
471;5.3544;126.6138;-0.0382
472;6.8796;126.6305;-0.0443
473;8.4149;126.6485;-0.0558
474;9.9596;126.6694;-0.0673
475;11.5041;126.6866;-0.0786
476;13.0539;126.7069;-0.0924
477;14.6034;126.7215;-0.0927
478;16.1562;126.7348;-0.1035
479;17.7127;126.7407;-0.1005
480;19.2743;126.7327;-0.1110
481;20.8150;126.6547;-0.1218
482;1.5831;125.1429;-0.0077
483;3.0901;125.1929;-0.0168
484;4.5968;125.2178;-0.0354
485;6.1158;125.2366;-0.0368
486;7.6480;125.2561;-0.0509
487;9.1897;125.2737;-0.0633
488;10.7353;125.2914;-0.0748
489;12.2822;125.3111;-0.0806
490;13.8312;125.3279;-0.0931
491;15.3845;125.3439;-0.0984
492;16.9433;125.3562;-0.1000
493;18.5182;125.3622;-0.0975
494;20.1331;125.3678;-0.1059
495;0.9698;123.7897;-0.0028
496;2.3839;123.8021;-0.0167
497;3.8543;123.8179;-0.0232
498;5.3589;123.8400;-0.0407
499;6.8872;123.8575;-0.0449
500;8.4221;123.8760;-0.0547
501;9.9655;123.8947;-0.0584
502;11.5104;123.9122;-0.0579
503;13.0590;123.9303;-0.0724
504;14.6085;123.9494;-0.0884
505;16.1613;123.9649;-0.0960
506;17.7179;123.9714;-0.0933
507;19.2615;123.9689;-0.0987
508;20.6958;124.0767;-0.1066
509;1.5811;122.4421;-0.0100
510;3.0909;122.4238;-0.0206
511;4.6010;122.4397;-0.0321
512;6.1232;122.4604;-0.0422
513;7.6568;122.4800;-0.0483
514;9.1951;122.4995;-0.0529
515;10.7411;122.5164;-0.0597
516;12.2894;122.5347;-0.0747
517;13.8378;122.5517;-0.0870
518;15.3924;122.5702;-0.0886
519;16.9585;122.5857;-0.0840
520;18.5591;122.5991;-0.0885
521;20.2532;122.5991;-0.1002
522;1.0982;121.1305;-0.0060
523;2.4077;121.0353;-0.0210
524;3.8611;121.0418;-0.0206
525;5.3658;121.0625;-0.0347
526;6.8927;121.0811;-0.0417
527;8.4311;121.1017;-0.0529
528;9.9712;121.1211;-0.0517
529;11.5172;121.1378;-0.0680
530;13.0636;121.1569;-0.0715
531;14.6184;121.1743;-0.0881
532;16.1706;121.1924;-0.0812
533;17.7221;121.2095;-0.0819
534;19.2588;121.2297;-0.0879
535;20.6789;121.1302;-0.0961
536;1.4791;119.6766;-0.0147
537;3.0535;119.6471;-0.0204
538;4.5897;119.6649;-0.0394
539;6.1229;119.6844;-0.0380
540;7.6638;119.7048;-0.0570
541;9.2046;119.7243;-0.0527
542;10.7486;119.7409;-0.0704
543;12.2965;119.7581;-0.0690
544;13.8438;119.7741;-0.0686
545;15.3983;119.7921;-0.0792
546;16.9558;119.8111;-0.0777
547;18.5247;119.8290;-0.0780
548;20.1272;119.8191;-0.0818
549;1.0559;118.2463;-0.0146
550;2.3713;118.2533;-0.0197
551;3.8477;118.2749;-0.0294
552;5.3645;118.2922;-0.0377
553;6.8983;118.3107;-0.0459
554;8.4370;118.3292;-0.0478
555;9.9789;118.3445;-0.0556
556;11.5262;118.3593;-0.0646
557;13.0744;118.3773;-0.0719
558;14.6253;118.3965;-0.0781
559;16.1762;118.4144;-0.0677
560;17.7292;118.4340;-0.0690
561;19.2753;118.4575;-0.0805
562;20.8007;118.4988;-0.0783
563;1.4789;116.7980;-0.0146
564;3.0592;116.8793;-0.0356
565;4.5975;116.9005;-0.0450
566;6.1318;116.9162;-0.0409
567;7.6693;116.9321;-0.0497
568;9.2103;116.9477;-0.0420
569;10.7572;116.9630;-0.0579
570;12.3064;116.9802;-0.0690
571;13.8538;116.9980;-0.0750
572;15.4065;117.0159;-0.0690
573;16.9624;117.0360;-0.0671
574;18.5276;117.0638;-0.0778
575;20.1186;117.1354;-0.0692
576;1.1031;115.2993;-0.0185
577;2.4129;115.4610;-0.0243
578;3.8729;115.5057;-0.0405
579;5.3776;115.5221;-0.0409
580;6.9054;115.5371;-0.0421
581;8.4444;115.5517;-0.0524
582;9.9900;115.5684;-0.0588
583;11.5367;115.5839;-0.0608
584;13.0821;115.6003;-0.0550
585;14.6324;115.6171;-0.0644
586;16.1844;115.6340;-0.0705
587;17.7306;115.6502;-0.0642
588;19.2510;115.6876;-0.0693
589;20.6436;115.8537;-0.0726
590;1.5809;114.0108;-0.0202
591;3.1038;114.0981;-0.0376
592;4.6159;114.1269;-0.0435
593;6.1433;114.1448;-0.0456
594;7.6766;114.1582;-0.0478
595;9.2212;114.1764;-0.0609
596;10.7657;114.1949;-0.0571
597;12.3139;114.2076;-0.0617
598;13.8629;114.2233;-0.0649
599;15.4158;114.2365;-0.0657
600;16.9804;114.2543;-0.0613
601;18.5738;114.2710;-0.0628
602;20.2348;114.3558;-0.0634
603;0.9541;112.6268;-0.0244
604;2.3908;112.6909;-0.0336
605;3.8728;112.7273;-0.0388
606;5.3842;112.7483;-0.0465
607;6.9134;112.7642;-0.0413
608;8.4528;112.7804;-0.0491
609;9.9974;112.7982;-0.0556
610;11.5450;112.8111;-0.0532
611;13.0939;112.8252;-0.0662
612;14.6419;112.8368;-0.0602
613;16.1969;112.8533;-0.0590
614;17.7575;112.8738;-0.0589
615;19.3061;112.8917;-0.0646
616;20.7038;112.9069;-0.0528
617;1.5805;111.3224;-0.0446
618;3.1053;111.3307;-0.0375
619;4.6227;111.3539;-0.0456
620;6.1499;111.3724;-0.0423
621;7.6867;111.3869;-0.0489
622;9.2298;111.4023;-0.0510
623;10.7751;111.4160;-0.0530
624;12.3216;111.4303;-0.0541
625;13.8684;111.4412;-0.0457
626;15.4262;111.4578;-0.0685
627;16.9915;111.4774;-0.0581
628;18.5845;111.4939;-0.0530
629;20.2405;111.4460;-0.0455
630;1.0867;109.9922;-0.0316
631;2.4149;109.9314;-0.0386
632;3.8810;109.9529;-0.0443
633;5.3916;109.9751;-0.0428
634;6.9210;109.9914;-0.0432
635;8.4604;110.0062;-0.0358
636;10.0056;110.0214;-0.0479
637;11.5528;110.0338;-0.0470
638;13.0994;110.0483;-0.0527
639;14.6516;110.0592;-0.0504
640;16.2011;110.0793;-0.0531
641;17.7489;110.0946;-0.0612
642;19.2616;110.0886;-0.0488
643;20.6464;109.9492;-0.0446
644;1.4632;108.5424;-0.0367
645;3.0721;108.5626;-0.0375
646;4.6184;108.5814;-0.0437
647;6.1558;108.6006;-0.0522
648;7.6923;108.6118;-0.0379
649;9.2373;108.6244;-0.0507
650;10.7817;108.6382;-0.0561
651;12.3281;108.6514;-0.0527
652;13.8781;108.6640;-0.0495
653;15.4299;108.6806;-0.0506
654;16.9826;108.6953;-0.0443
655;18.5400;108.6991;-0.0422
656;20.1253;108.6504;-0.0435
657;1.0528;107.0555;-0.0292
658;2.4047;107.1871;-0.0275
659;3.8840;107.1939;-0.0389
660;5.4003;107.2079;-0.0392
661;6.9302;107.2209;-0.0502
662;8.4697;107.2318;-0.0411
663;10.0140;107.2426;-0.0528
664;11.5583;107.2553;-0.0506
665;13.1084;107.2710;-0.0579
666;14.6588;107.2842;-0.0535
667;16.2090;107.2963;-0.0440
668;17.7512;107.3092;-0.0350
669;19.2850;107.3078;-0.0362
670;20.7987;107.2970;-0.0377
671;1.5881;105.7775;-0.0280
672;3.1185;105.8003;-0.0349
673;4.6382;105.8114;-0.0393
674;6.1694;105.8248;-0.0537
675;7.7046;105.8369;-0.0448
676;9.2475;105.8513;-0.0572
677;10.7911;105.8603;-0.0483
678;12.3383;105.8738;-0.0450
679;13.8887;105.8859;-0.0546
680;15.4372;105.8987;-0.0428
681;16.9887;105.9115;-0.0401
682;18.5486;105.9210;-0.0381
683;20.1329;105.9613;-0.0355
684;0.9567;104.4875;-0.0288
685;2.4059;104.4234;-0.0338
686;3.8951;104.4232;-0.0445
687;5.4118;104.4322;-0.0435
688;6.9417;104.4432;-0.0486
689;8.4801;104.4557;-0.0485
690;10.0256;104.4717;-0.0545
691;11.5672;104.4817;-0.0383
692;13.1162;104.4936;-0.0340
693;14.6665;104.5058;-0.0475
694;16.2141;104.5146;-0.0379
695;17.7580;104.5241;-0.0353
696;19.2746;104.5346;-0.0372
697;20.6630;104.6581;-0.0335
698;1.5978;103.1054;-0.0507
699;3.1311;103.0386;-0.0434
700;4.6502;103.0385;-0.0497
701;6.1794;103.0465;-0.0524
702;7.7136;103.0600;-0.0384
703;9.2553;103.0725;-0.0419
704;10.8013;103.0877;-0.0441
705;12.3449;103.0994;-0.0258
706;13.8979;103.1093;-0.0379
707;15.4475;103.1195;-0.0373
708;17.0094;103.1315;-0.0325
709;18.5923;103.1446;-0.0294
710;20.2559;103.1819;-0.0292
711;1.1149;101.8194;-0.0531
712;2.4416;101.6616;-0.0399
713;3.9077;101.6429;-0.0454
714;5.4218;101.6515;-0.0515
715;6.9494;101.6634;-0.0485
716;8.4904;101.6766;-0.0437
717;10.0344;101.6926;-0.0399
718;11.5801;101.7034;-0.0387
719;13.1282;101.7145;-0.0444
720;14.6743;101.7258;-0.0402
721;16.2241;101.7380;-0.0290
722;17.7714;101.7517;-0.0257
723;19.2918;101.7818;-0.0212
724;20.6935;101.7089;-0.0169
725;1.5033;100.3251;-0.0420
726;3.0978;100.2574;-0.0457
727;4.6476;100.2619;-0.0535
728;6.1857;100.2703;-0.0551
729;7.7245;100.2821;-0.0491
730;9.2674;100.2965;-0.0437
731;10.8139;100.3088;-0.0462
732;12.3602;100.3203;-0.0390
733;13.9086;100.3300;-0.0414
734;15.4573;100.3434;-0.0373
735;17.0090;100.3520;-0.0199
736;18.5694;100.3643;-0.0203
737;20.1465;100.3927;-0.0142
738;1.0785;98.8759;-0.0482
739;2.4078;98.8726;-0.0532
740;3.8987;98.8696;-0.0455
741;5.4240;98.8792;-0.0464
742;6.9617;98.8901;-0.0530
743;8.5040;98.9040;-0.0519
744;10.0462;98.9140;-0.0391
745;11.5923;98.9243;-0.0460
746;13.1382;98.9338;-0.0327
747;14.6853;98.9454;-0.0288
748;16.2352;98.9543;-0.0237
749;17.7838;98.9627;-0.0132
750;19.3218;98.9776;-0.0038
751;20.7959;99.1080;-0.0043
752;1.4977;97.4386;-0.0489
753;3.1004;97.4835;-0.0461
754;4.6543;97.4894;-0.0520
755;6.1979;97.5007;-0.0557
756;7.7376;97.5106;-0.0507
757;9.2817;97.5220;-0.0538
758;10.8218;97.5318;-0.0414
759;12.3702;97.5404;-0.0379
760;13.9164;97.5512;-0.0285
761;15.4679;97.5636;-0.0319
762;17.0206;97.5714;-0.0158
763;18.5906;97.5844;0.0011
764;20.2050;97.6008;-0.0053
765;1.1105;95.9736;-0.0452
766;2.4504;96.0827;-0.0395
767;3.9257;96.0990;-0.0547
768;5.4430;96.1061;-0.0465
769;6.9765;96.1156;-0.0518
770;8.5145;96.1258;-0.0451
771;10.0576;96.1364;-0.0428
772;11.6021;96.1474;-0.0343
773;13.1500;96.1564;-0.0384
774;14.6940;96.1647;-0.0235
775;16.2459;96.1759;-0.0187
776;17.7942;96.1880;-0.0154
777;19.3269;96.2032;0.0006
778;20.7942;96.1154;-0.0001
779;1.6130;94.6623;-0.0492
780;3.1588;94.6994;-0.0605
781;4.6824;94.7115;-0.0546
782;6.2158;94.7222;-0.0610
783;7.7520;94.7319;-0.0511
784;9.2921;94.7423;-0.0397
785;10.8344;94.7496;-0.0328
786;12.3811;94.7602;-0.0376
787;13.9274;94.7690;-0.0343
788;15.4761;94.7800;-0.0251
789;17.0282;94.7922;-0.0109
790;18.5801;94.8023;-0.0108
791;20.1453;94.8077;0.0013
792;0.9779;93.3295;-0.0658
793;2.4357;93.3140;-0.0550
794;3.9337;93.3172;-0.0552
795;5.4562;93.3295;-0.0567
796;6.9895;93.3374;-0.0523
797;8.5275;93.3469;-0.0483
798;10.0700;93.3549;-0.0422
799;11.6146;93.3650;-0.0410
800;13.1566;93.3728;-0.0172
801;14.7058;93.3838;-0.0281
802;16.2526;93.3935;-0.0174
803;17.7904;93.3992;-0.0101
804;19.2989;93.3951;-0.0021
805;20.6931;93.5103;0.0149
806;1.6221;91.9776;-0.0521
807;3.1679;91.9327;-0.0645
808;4.6938;91.9350;-0.0583
809;6.2260;91.9433;-0.0499
810;7.7633;91.9536;-0.0444
811;9.3035;91.9613;-0.0431
812;10.8475;91.9714;-0.0330
813;12.3909;91.9785;-0.0262
814;13.9390;91.9877;-0.0311
815;15.4866;91.9961;-0.0055
816;17.0448;92.0058;-0.0178
817;18.6175;92.0134;0.0020
818;20.2692;92.0201;0.0209
819;1.1290;90.6794;-0.0474
820;2.4722;90.5495;-0.0534
821;3.9504;90.5429;-0.0624
822;5.4669;90.5524;-0.0527
823;6.9997;90.5604;-0.0435
824;8.5410;90.5696;-0.0454
825;10.0816;90.5788;-0.0425
826;11.6245;90.5866;-0.0313
827;13.1663;90.5913;-0.0148
828;14.7161;90.6012;-0.0171
829;16.2597;90.6120;-0.0082
830;17.7977;90.6237;-0.0052
831;19.2979;90.6397;0.0072
832;20.6702;90.5569;0.0220
833;1.5251;89.2036;-0.0585
834;3.1329;89.1515;-0.0595
835;4.6877;89.1555;-0.0523
836;6.2338;89.1648;-0.0515
837;7.7757;89.1737;-0.0487
838;9.3169;89.1823;-0.0478
839;10.8610;89.1910;-0.0535
840;12.4039;89.1984;-0.0270
841;13.9504;89.2046;-0.0274
842;15.4957;89.2116;-0.0161
843;17.0430;89.2236;-0.0060
844;18.5864;89.2324;0.0156
845;20.1517;89.2255;0.0296
846;1.0742;87.7576;-0.0508
847;2.4332;87.7634;-0.0517
848;3.9378;87.7689;-0.0570
849;5.4697;87.7758;-0.0430
850;7.0083;87.7833;-0.0458
851;8.5507;87.7915;-0.0488
852;10.0934;87.7969;-0.0411
853;11.6373;87.8046;-0.0341
854;13.1815;87.8123;-0.0221
855;14.7281;87.8196;-0.0154
856;16.2718;87.8266;-0.0096
857;17.8078;87.8372;0.0095
858;19.3214;87.8578;0.0234
859;20.8017;87.9136;0.0317
860;1.5290;86.3084;-0.0539
861;3.1420;86.3811;-0.0628
862;4.6981;86.3896;-0.0376
863;6.2441;86.3955;-0.0482
864;7.7844;86.3990;-0.0449
865;9.3274;86.4034;-0.0443
866;10.8709;86.4109;-0.0378
867;12.4167;86.4166;-0.0324
868;13.9625;86.4236;-0.0219
869;15.5069;86.4316;-0.0057
870;17.0490;86.4375;0.0049
871;18.5919;86.4577;0.0171
872;20.1505;86.5326;0.0271
873;1.1371;84.8141;-0.0540
874;2.4868;84.9666;-0.0635
875;3.9683;84.9962;-0.0485
876;5.4883;85.0007;-0.0424
877;7.0231;85.0063;-0.0557
878;8.5623;85.0124;-0.0414
879;10.1067;85.0178;-0.0396
880;11.6498;85.0221;-0.0363
881;13.1952;85.0265;-0.0197
882;14.7392;85.0333;-0.0162
883;16.2792;85.0395;0.0040
884;17.8088;85.0464;0.0181
885;19.3005;85.0800;0.0216
886;20.6534;85.2422;0.0403
887;1.6425;83.5224;-0.0599
888;3.1956;83.5927;-0.0573
889;4.7251;83.6100;-0.0619
890;6.2621;83.6178;-0.0612
891;7.7968;83.6214;-0.0389
892;9.3408;83.6251;-0.0459
893;10.8822;83.6295;-0.0356
894;12.4261;83.6346;-0.0367
895;13.9745;83.6413;-0.0239
896;15.5202;83.6455;0.0038
897;17.0734;83.6503;0.0095
898;18.6380;83.6641;0.0297
899;20.2602;83.7456;0.0467
900;0.9924;82.1620;-0.0610
901;2.4678;82.1936;-0.0500
902;3.9731;82.2137;-0.0505
903;5.4991;82.2245;-0.0479
904;7.0340;82.2292;-0.0469
905;8.5747;82.2333;-0.0424
906;10.1155;82.2363;-0.0363
907;11.6613;82.2409;-0.0354
908;13.2085;82.2467;-0.0276
909;14.7538;82.2510;-0.0084
910;16.2988;82.2574;0.0093
911;17.8402;82.2650;0.0184
912;19.3534;82.2810;0.0455
913;20.7210;82.2983;0.0555
914;1.6410;80.8399;-0.0645
915;3.1979;80.8231;-0.0572
916;4.7349;80.8321;-0.0567
917;6.2702;80.8384;-0.0523
918;7.8094;80.8449;-0.0430
919;9.3510;80.8468;-0.0382
920;10.8945;80.8510;-0.0316
921;12.4415;80.8535;-0.0294
922;13.9868;80.8584;-0.0142
923;15.5346;80.8635;0.0050
924;17.0865;80.8701;0.0252
925;18.6547;80.8805;0.0386
926;20.2741;80.8420;0.0578
927;1.1323;79.5282;-0.0657
928;2.4950;79.4308;-0.0642
929;3.9853;79.4403;-0.0616
930;5.5094;79.4467;-0.0452
931;7.0454;79.4512;-0.0465
932;8.5858;79.4561;-0.0403
933;10.1294;79.4592;-0.0369
934;11.6742;79.4631;-0.0229
935;13.2186;79.4653;-0.0163
936;14.7666;79.4709;-0.0068
937;16.3066;79.4743;0.0184
938;17.8349;79.4814;0.0318
939;19.3202;79.4766;0.0386
940;20.6708;79.3570;0.0496
941;1.5269;78.0652;-0.0689
942;3.1656;78.0533;-0.0507
943;4.7317;78.0566;-0.0584
944;6.2792;78.0596;-0.0508
945;7.8200;78.0633;-0.0400
946;9.3638;78.0679;-0.0454
947;10.9059;78.0711;-0.0226
948;12.4526;78.0720;-0.0171
949;13.9984;78.0757;-0.0156
950;15.5445;78.0803;0.0038
951;17.0849;78.0820;0.0216
952;18.6225;78.0827;0.0449
953;20.1698;78.0449;0.0567
954;1.1015;76.5931;-0.0636
955;2.4862;76.6898;-0.0598
956;3.9865;76.6738;-0.0537
957;5.5187;76.6750;-0.0529
958;7.0561;76.6762;-0.0479
959;8.5994;76.6787;-0.0359
960;10.1406;76.6782;-0.0322
961;11.6858;76.6833;-0.0232
962;13.2320;76.6857;-0.0158
963;14.7791;76.6875;-0.0040
964;16.3192;76.6903;0.0181
965;17.8485;76.6921;0.0328
966;19.3523;76.6917;0.0442
967;20.8195;76.6913;0.0701
968;1.6442;75.2920;-0.0534
969;3.2056;75.2833;-0.0569
970;4.7484;75.2837;-0.0524
971;6.2897;75.2851;-0.0492
972;7.8308;75.2875;-0.0346
973;9.3746;75.2869;-0.0299
974;10.9186;75.2902;-0.0235
975;12.4664;75.2922;-0.0182
976;14.0106;75.2944;-0.0017
977;15.5579;75.2978;0.0145
978;17.0981;75.2999;0.0267
979;18.6314;75.3022;0.0487
980;20.1779;75.3430;0.0543
981;1.0044;74.0035;-0.0475
982;2.4644;73.8905;-0.0566
983;3.9882;73.8963;-0.0470
984;5.5242;73.8948;-0.0460
985;7.0660;73.8982;-0.0522
986;8.6070;73.8986;-0.0289
987;10.1530;73.8990;-0.0222
988;11.6980;73.8996;-0.0110
989;13.2448;73.9048;-0.0090
990;14.7895;73.9057;0.0085
991;16.3314;73.9041;0.0176
992;17.8556;73.9022;0.0402
993;19.3379;73.9150;0.0511
994;20.6802;74.0349;0.0748
995;1.5925;72.5122;-0.0533
996;3.1952;72.5084;-0.0548
997;4.7519;72.5088;-0.0537
998;6.2984;72.5083;-0.0482
999;7.8424;72.5092;-0.0470
1000;9.3866;72.5099;-0.0282
1001;10.9318;72.5086;-0.0168
1002;12.4783;72.5122;-0.0072
1003;14.0254;72.5147;0.0002
1004;15.5718;72.5141;0.0152
1005;17.1236;72.5108;0.0271
1006;18.6816;72.5097;0.0518
1007;20.2916;72.5581;0.0708
1008;1.0079;71.0219;-0.0490
1009;2.4700;71.1264;-0.0605
1010;3.9971;71.1228;-0.0523
1011;5.5361;71.1226;-0.0468
1012;7.0775;71.1208;-0.0391
1013;8.6213;71.1226;-0.0292
1014;10.1675;71.1200;-0.0243
1015;11.7106;71.1229;-0.0054
1016;13.2571;71.1234;-0.0003
1017;14.8036;71.1223;0.0152
1018;16.3487;71.1224;0.0280
1019;17.8839;71.1226;0.0419
1020;19.3833;71.1185;0.0640
1021;20.7247;71.1215;0.0821
1022;1.6561;69.7300;-0.0588
1023;3.2211;69.7356;-0.0422
1024;4.7700;69.7358;-0.0453
1025;6.3136;69.7354;-0.0526
1026;7.8571;69.7352;-0.0328
1027;9.3996;69.7337;-0.0296
1028;10.9456;69.7334;-0.0174
1029;12.4902;69.7324;-0.0077
1030;14.0374;69.7318;0.0096
1031;15.5831;69.7331;0.0294
1032;17.1330;69.7336;0.0365
1033;18.6905;69.7279;0.0591
1034;20.2951;69.6617;0.0797
1035;1.1139;68.4291;-0.0538
1036;2.5100;68.3291;-0.0391
1037;4.0174;68.3442;-0.0545
1038;5.5512;68.3458;-0.0473
1039;7.0906;68.3465;-0.0408
1040;8.6346;68.3455;-0.0351
1041;10.1774;68.3440;-0.0231
1042;11.7228;68.3425;-0.0086
1043;13.2688;68.3418;0.0031
1044;14.8145;68.3436;0.0208
1045;16.3539;68.3410;0.0369
1046;17.8781;68.3393;0.0530
1047;19.3547;68.3146;0.0645
1048;20.6881;68.1584;0.0846
1049;1.5437;66.9575;-0.0432
1050;3.1973;66.9581;-0.0411
1051;4.7702;66.9592;-0.0483
1052;6.3201;66.9595;-0.0457
1053;7.8666;66.9586;-0.0362
1054;9.4119;66.9566;-0.0328
1055;10.9558;66.9548;-0.0150
1056;12.5017;66.9527;0.0035
1057;14.0492;66.9509;0.0058
1058;15.5939;66.9504;0.0262
1059;17.1321;66.9473;0.0394
1060;18.6633;66.9328;0.0638
1061;20.1987;66.8616;0.0871
1062;1.1308;65.4866;-0.0533
1063;2.5192;65.5844;-0.0431
1064;4.0268;65.5772;-0.0427
1065;5.5605;65.5753;-0.0348
1066;7.1026;65.5716;-0.0272
1067;8.6471;65.5685;-0.0316
1068;10.1898;65.5660;-0.0215
1069;11.7353;65.5645;-0.0108
1070;13.2821;65.5621;-0.0014
1071;14.8285;65.5597;0.0172
1072;16.3676;65.5577;0.0403
1073;17.8933;65.5528;0.0555
1074;19.3859;65.5292;0.0810
1075;20.8409;65.4756;0.1005
1076;1.6691;64.1749;-0.0427
1077;3.2451;64.1925;-0.0413
1078;4.7938;64.1883;-0.0401
1079;6.3356;64.1838;-0.0309
1080;7.8789;64.1807;-0.0283
1081;9.4242;64.1789;-0.0219
1082;10.9690;64.1757;-0.0178
1083;12.5147;64.1737;-0.0001
1084;14.0615;64.1714;0.0108
1085;15.6070;64.1682;0.0417
1086;17.1450;64.1632;0.0495
1087;18.6745;64.1546;0.0712
1088;20.2132;64.1581;0.0887
1089;1.0115;62.8600;-0.0401
1090;2.5151;62.8172;-0.0498
1091;4.0406;62.8038;-0.0479
1092;5.5747;62.7973;-0.0283
1093;7.1156;62.7948;-0.0312
1094;8.6580;62.7915;-0.0201
1095;10.2047;62.7883;-0.0173
1096;11.7494;62.7838;-0.0105
1097;13.2944;62.7834;0.0102
1098;14.8390;62.7793;0.0245
1099;16.3787;62.7745;0.0497
1100;17.9019;62.7662;0.0607
1101;19.3795;62.7544;0.0826
1102;20.7154;62.8270;0.0947
1103;1.6807;61.4929;-0.0337
1104;3.2618;61.4241;-0.0491
1105;4.8079;61.4106;-0.0369
1106;6.3494;61.4066;-0.0336
1107;7.8908;61.4052;-0.0209
1108;9.4365;61.4027;-0.0232
1109;10.9819;61.3987;-0.0145
1110;12.5265;61.3939;0.0115
1111;14.0755;61.3906;0.0150
1112;15.6219;61.3871;0.0330
1113;17.1683;61.3820;0.0494
1114;18.7232;61.3789;0.0714
1115;20.3395;61.3716;0.0997
1116;1.1710;60.2163;-0.0296
1117;2.5503;60.0529;-0.0375
1118;4.0532;60.0246;-0.0381
1119;5.5861;60.0199;-0.0291
1120;7.1266;60.0199;-0.0244
1121;8.6717;60.0161;-0.0266
1122;10.2166;60.0127;-0.0196
1123;11.7618;60.0094;-0.0033
1124;13.3076;60.0059;0.0154
1125;14.8538;60.0020;0.0283
1126;16.3934;59.9973;0.0502
1127;17.9169;59.9966;0.0661
1128;19.4007;60.0041;0.0849
1129;20.7583;59.8791;0.1083
1130;1.5782;58.7194;-0.0314
1131;3.2248;58.6421;-0.0377
1132;4.8003;58.6333;-0.0352
1133;6.3570;58.6304;-0.0317
1134;7.9056;58.6278;-0.0260
1135;9.4496;58.6224;-0.0206
1136;10.9966;58.6213;-0.0151
1137;12.5423;58.6161;0.0032
1138;14.0877;58.6120;0.0166
1139;15.6307;58.6091;0.0434
1140;17.1693;58.6055;0.0590
1141;18.6991;58.6059;0.0722
1142;20.2271;58.5931;0.0906
1143;1.1224;57.2746;-0.0455
1144;2.5087;57.2602;-0.0442
1145;4.0421;57.2518;-0.0357
1146;5.5905;57.2455;-0.0310
1147;7.1376;57.2423;-0.0235
1148;8.6841;57.2375;-0.0185
1149;10.2310;57.2346;-0.0128
1150;11.7753;57.2316;0.0003
1151;13.3213;57.2250;0.0080
1152;14.8666;57.2198;0.0318
1153;16.4075;57.2165;0.0473
1154;17.9302;57.2155;0.0694
1155;19.4160;57.2298;0.0895
1156;20.8599;57.3008;0.1083
1157;1.5750;55.8227;-0.0202
1158;3.2280;55.8700;-0.0286
1159;4.8133;55.8658;-0.0285
1160;6.3681;55.8566;-0.0251
1161;7.9167;55.8501;-0.0176
1162;9.4632;55.8462;-0.0132
1163;11.0079;55.8441;-0.0022
1164;12.5556;55.8383;0.0061
1165;14.1014;55.8325;0.0185
1166;15.6474;55.8291;0.0408
1167;17.1819;55.8239;0.0567
1168;18.7057;55.8330;0.0814
1169;20.2305;55.9091;0.1010
1170;1.1655;54.3254;-0.0280
1171;2.5592;54.4678;-0.0253
1172;4.0720;54.4800;-0.0247
1173;5.6103;54.4742;-0.0284
1174;7.1556;54.4645;-0.0277
1175;8.6983;54.4591;-0.0157
1176;10.2450;54.4566;-0.0158
1177;11.7889;54.4498;0.0054
1178;13.3368;54.4445;0.0200
1179;14.8823;54.4414;0.0328
1180;16.4203;54.4357;0.0556
1181;17.9368;54.4309;0.0710
1182;19.4004;54.4579;0.0898
1183;20.7152;54.6142;0.1147
1184;1.7036;53.0350;-0.0374
1185;3.2901;53.0828;-0.0377
1186;4.8431;53.0869;-0.0263
1187;6.3912;53.0807;-0.0332
1188;7.9337;53.0770;-0.0219
1189;9.4794;53.0712;-0.0158
1190;11.0249;53.0642;-0.0045
1191;12.5699;53.0586;0.0135
1192;14.1185;53.0545;0.0277
1193;15.6617;53.0488;0.0505
1194;17.2078;53.0415;0.0676
1195;18.7525;53.0477;0.0845
1196;20.3360;53.1196;0.1122
1197;1.0342;51.6902;-0.0300
1198;2.5505;51.6936;-0.0306
1199;4.0861;51.6975;-0.0254
1200;5.6264;51.6962;-0.0235
1201;7.1715;51.6892;-0.0238
1202;8.7162;51.6851;-0.0175
1203;10.2604;51.6792;-0.0059
1204;11.8053;51.6725;0.0085
1205;13.3526;51.6675;0.0237
1206;14.8991;51.6595;0.0325
1207;16.4411;51.6563;0.0557
1208;17.9660;51.6515;0.0752
1209;19.4482;51.6609;0.0943
1210;20.7659;51.6625;0.1097
1211;1.7102;50.3539;-0.0257
1212;3.3013;50.3140;-0.0224
1213;4.8578;50.3112;-0.0254
1214;6.4063;50.3048;-0.0262
1215;7.9533;50.2981;-0.0245
1216;9.4947;50.2924;-0.0086
1217;11.0406;50.2868;0.0025
1218;12.5854;50.2818;0.0234
1219;14.1327;50.2736;0.0341
1220;15.6808;50.2687;0.0439
1221;17.2242;50.2632;0.0678
1222;18.7692;50.2639;0.0897
1223;20.3532;50.2300;0.1141
1224;1.1716;49.0636;-0.0192
1225;2.5781;48.9346;-0.0219
1226;4.1025;48.9282;-0.0210
1227;5.6445;48.9223;-0.0202
1228;7.1880;48.9146;-0.0230
1229;8.7306;48.9072;-0.0073
1230;10.2756;48.9013;0.0013
1231;11.8222;48.8958;0.0130
1232;13.3666;48.8892;0.0278
1233;14.9127;48.8837;0.0400
1234;16.4494;48.8779;0.0550
1235;17.9639;48.8749;0.0787
1236;19.4237;48.8636;0.0958
1237;20.7418;48.7633;0.1204
1238;1.5983;47.5777;-0.0110
1239;3.2821;47.5636;-0.0202
1240;4.8668;47.5474;-0.0189
1241;6.4208;47.5335;-0.0216
1242;7.9681;47.5220;-0.0156
1243;9.5125;47.5158;-0.0057
1244;11.0568;47.5085;0.0109
1245;12.6030;47.5006;0.0162
1246;14.1468;47.4957;0.0374
1247;15.6915;47.4883;0.0496
1248;17.2218;47.4831;0.0730
1249;18.7415;47.4741;0.0929
1250;20.2613;47.4416;0.1078
1251;1.2233;46.0789;-0.0110
1252;2.6409;46.2197;-0.0118
1253;4.1471;46.1820;-0.0230
1254;5.6743;46.1583;-0.0228
1255;7.2084;46.1417;-0.0184
1256;8.7488;46.1337;-0.0083
1257;10.2932;46.1254;0.0011
1258;11.8383;46.1160;0.0069
1259;13.3844;46.1094;0.0278
1260;14.9288;46.1006;0.0472
1261;16.4684;46.0925;0.0431
1262;17.9808;46.0898;0.0809
1263;19.4601;46.0883;0.1009
1264;20.8864;46.1026;0.1200
1265;0.9558;44.6689;-0.0168
1266;2.1481;44.7664;-0.0178
1267;3.4959;44.7973;-0.0079
1268;4.9528;44.7773;-0.0187
1269;6.4631;44.7586;-0.0114
1270;7.9901;44.7499;-0.0098
1271;9.5306;44.7386;0.0004
1272;11.0726;44.7304;0.0094
1273;12.6187;44.7214;0.0217
1274;14.1680;44.7159;0.0287
1275;15.7123;44.7065;0.0360
1276;17.2398;44.7017;0.0633
1277;18.7556;44.7004;0.0885
1278;20.2707;44.7421;0.1097
1279;1.4112;43.3547;-0.0130
1280;2.8056;43.3831;-0.0122
1281;4.2350;43.3866;-0.0026
1282;5.7206;43.3745;-0.0153
1283;7.2375;43.3655;-0.0092
1284;8.7725;43.3542;-0.0085
1285;10.3136;43.3470;0.0051
1286;11.8549;43.3394;0.0132
1287;13.4016;43.3307;0.0280
1288;14.9482;43.3236;0.0344
1289;16.4843;43.3139;0.0560
1290;17.9918;43.3038;0.0755
1291;19.4469;43.3154;0.1023
1292;20.7561;43.4316;0.1179
1293;0.8652;42.0405;-0.0056
1294;2.1595;42.0047;-0.0075
1295;3.5401;41.9888;-0.0144
1296;4.9884;41.9832;-0.0049
1297;6.4873;41.9797;-0.0027
1298;8.0128;41.9705;-0.0064
1299;9.5508;41.9653;0.0004
1300;11.0944;41.9543;0.0157
1301;12.6384;41.9463;0.0231
1302;14.1844;41.9380;0.0409
1303;15.7288;41.9294;0.0562
1304;17.2703;41.9188;0.0725
1305;18.8071;41.9159;0.0992
1306;20.3826;41.9626;0.1177
1307;1.4229;40.6778;-0.0035
1308;2.8199;40.6087;-0.0087
1309;4.2587;40.5926;-0.0112
1310;5.7412;40.5905;-0.0098
1311;7.2570;40.5847;-0.0029
1312;8.7915;40.5763;-0.0037
1313;10.3296;40.5692;0.0023
1314;11.8756;40.5596;0.0154
1315;13.4210;40.5533;0.0266
1316;14.9670;40.5436;0.0505
1317;16.5056;40.5377;0.0762
1318;18.0279;40.5273;0.0833
1319;19.5043;40.5233;0.1021
1320;20.8154;40.5354;0.1148
1321;0.9923;39.3567;-0.0098
1322;2.1809;39.2403;-0.0129
1323;3.5486;39.2095;-0.0081
1324;5.0026;39.2055;0.0133
1325;6.5032;39.2013;0.0048
1326;8.0296;39.1934;0.0079
1327;9.5683;39.1876;0.0048
1328;11.1111;39.1792;0.0157
1329;12.6590;39.1692;0.0194
1330;14.2056;39.1611;0.0335
1331;15.7489;39.1522;0.0565
1332;17.2891;39.1480;0.0769
1333;18.8270;39.1374;0.0981
1334;20.4005;39.0807;0.1157
1335;1.3266;37.8938;-0.0025
1336;2.7817;37.8360;-0.0080
1337;4.2528;37.8222;0.0068
1338;5.7539;37.8170;-0.0117
1339;7.2717;37.8093;0.0056
1340;8.8063;37.8021;0.0116
1341;10.3494;37.7957;0.0102
1342;11.8951;37.7847;0.0118
1343;13.4399;37.7766;0.0393
1344;14.9848;37.7698;0.0525
1345;16.5219;37.7605;0.0694
1346;18.0286;37.7535;0.0872
1347;19.4788;37.7269;0.1067
1348;20.7788;37.5898;0.1232
1349;0.9725;36.4755;-0.0060
1350;2.1599;36.4580;-0.0084
1351;3.5461;36.4446;-0.0081
1352;5.0138;36.4337;-0.0083
1353;6.5183;36.4262;0.0029
1354;8.0486;36.4180;0.0054
1355;9.5870;36.4112;0.0140
1356;11.1307;36.4005;0.0156
1357;12.6771;36.3905;0.0295
1358;14.2219;36.3830;0.0441
1359;15.7659;36.3740;0.0563
1360;17.2955;36.3620;0.0794
1361;18.8025;36.3436;0.0975
1362;20.3101;36.2812;0.1168
1363;1.3403;35.0419;-0.0117
1364;2.7951;35.0651;-0.0062
1365;4.2666;35.0554;-0.0002
1366;5.7663;35.0475;0.0061
1367;7.2942;35.0382;-0.0010
1368;8.8279;35.0280;0.0007
1369;10.3664;35.0198;0.0260
1370;11.9118;35.0093;0.0287
1371;13.4594;35.0001;0.0365
1372;15.0052;34.9885;0.0477
1373;16.5410;34.9792;0.0637
1374;18.0494;34.9659;0.0873
1375;19.5175;34.9481;0.1071
1376;20.9321;34.9053;0.1273
1377;1.0088;33.5893;-0.0018
1378;2.2032;33.6718;-0.0093
1379;3.5732;33.6742;0.0017
1380;5.0321;33.6647;0.0017
1381;6.5389;33.6540;0.0016
1382;8.0669;33.6459;0.0041
1383;9.6045;33.6333;0.0227
1384;11.1478;33.6257;0.0254
1385;12.6962;33.6167;0.0274
1386;14.2425;33.6049;0.0510
1387;15.7859;33.5941;0.0621
1388;17.3158;33.5824;0.0779
1389;18.8233;33.5712;0.0882
1390;20.3287;33.5815;0.1104
1391;1.4392;32.2549;0.0039
1392;2.8491;32.2845;-0.0002
1393;4.2987;32.2820;-0.0010
1394;5.7876;32.2735;0.0043
1395;7.3100;32.2655;0.0088
1396;8.8417;32.2549;0.0096
1397;10.3857;32.2433;0.0241
1398;11.9321;32.2334;0.0280
1399;13.4796;32.2243;0.0395
1400;15.0249;32.2121;0.0550
1401;16.5619;32.1988;0.0682
1402;18.0663;32.1864;0.0851
1403;19.5139;32.1766;0.1083
1404;20.8132;32.2512;0.1323
1405;0.8921;30.8919;0.0071
1406;2.1961;30.9043;-0.0008
1407;3.5886;30.8982;-0.0017
1408;5.0509;30.8922;-0.0002
1409;6.5540;30.8830;0.0056
1410;8.0848;30.8747;0.0125
1411;9.6218;30.8628;0.0217
1412;11.1683;30.8522;0.0279
1413;12.7173;30.8422;0.0337
1414;14.2639;30.8309;0.0480
1415;15.8071;30.8181;0.0709
1416;17.3465;30.8039;0.0842
1417;18.8816;30.7922;0.1008
1418;20.4473;30.8051;0.1222
1419;1.4490;29.5574;0.0060
1420;2.8635;29.5178;0.0090
1421;4.3127;29.5086;-0.0013
1422;5.8034;29.5008;0.0029
1423;7.3250;29.4923;0.0141
1424;8.8612;29.4810;0.0149
1425;10.4011;29.4689;0.0351
1426;11.9491;29.4577;0.0383
1427;13.4977;29.4480;0.0488
1428;15.0431;29.4370;0.0678
1429;16.5817;29.4263;0.0834
1430;18.1001;29.4146;0.0955
1431;19.5612;29.3927;0.1100
1432;20.8537;29.3684;0.1322
1433;1.0164;28.2215;0.0058
1434;2.2238;28.1435;0.0014
1435;3.6018;28.1267;0.0000
1436;5.0671;28.1220;-0.0019
1437;6.5694;28.1128;0.0058
1438;8.1002;28.1033;0.0142
1439;9.6394;28.0899;0.0183
1440;11.1831;28.0793;0.0376
1441;12.7338;28.0676;0.0448
1442;14.2819;28.0552;0.0545
1443;15.8264;28.0437;0.0702
1444;17.3623;28.0337;0.0854
1445;18.8895;28.0205;0.1028
1446;20.4440;27.9325;0.1329
1447;1.3669;26.7835;0.0015
1448;2.8347;26.7493;0.0056
1449;4.3105;26.7395;0.0097
1450;5.8153;26.7304;0.0122
1451;7.3395;26.7219;0.0176
1452;8.8781;26.7092;0.0144
1453;10.4198;26.6985;0.0286
1454;11.9699;26.6854;0.0380
1455;13.5168;26.6733;0.0494
1456;15.0638;26.6610;0.0639
1457;16.5965;26.6497;0.0749
1458;18.0942;26.6441;0.0932
1459;19.5236;26.6273;0.1178
1460;20.8193;26.4374;0.1436
1461;0.9952;25.3781;0.0127
1462;2.2070;25.3657;0.0142
1463;3.6053;25.3623;0.0051
1464;5.0742;25.3535;0.0256
1465;6.5863;25.3422;0.0123
1466;8.1175;25.3300;0.0159
1467;9.6579;25.3178;0.0250
1468;11.2039;25.3067;0.0278
1469;12.7532;25.2948;0.0451
1470;14.3022;25.2804;0.0546
1471;15.8439;25.2654;0.0697
1472;17.3652;25.2527;0.0890
1473;18.8500;25.2416;0.1039
1474;20.3062;25.2284;0.1229
1475;1.3955;23.9382;0.0189
1476;2.8643;23.9882;0.0041
1477;4.3372;23.9771;0.0045
1478;5.8377;23.9642;0.0148
1479;7.3603;23.9505;0.0178
1480;8.8973;23.9411;0.0114
1481;10.4411;23.9287;0.0300
1482;11.9898;23.9150;0.0289
1483;13.5365;23.9019;0.0515
1484;15.0825;23.8874;0.0621
1485;16.6126;23.8712;0.0812
1486;18.1116;23.8508;0.0970
1487;19.5333;23.8485;0.1290
1488;20.8294;24.0249;0.1445
1489;1.0614;22.4636;0.0210
1490;2.2848;22.6033;0.0075
1491;3.6526;22.5942;0.0022
1492;5.1097;22.5821;0.0075
1493;6.6124;22.5707;0.0062
1494;8.1391;22.5623;0.0130
1495;9.6779;22.5475;0.0215
1496;11.2226;22.5349;0.0289
1497;12.7699;22.5222;0.0465
1498;14.3205;22.5073;0.0524
1499;15.8641;22.4908;0.0661
1500;17.3988;22.4717;0.0837
1501;18.9206;22.4594;0.1050
1502;20.4697;22.5359;0.1305
1503;1.5509;21.2289;0.0118
1504;2.9449;21.2112;0.0011
1505;4.3799;21.2013;0.0132
1506;5.8684;21.1924;0.0091
1507;7.3837;21.1801;0.0127
1508;8.9166;21.1685;0.0172
1509;10.4588;21.1558;0.0285
1510;12.0067;21.1419;0.0336
1511;13.5558;21.1294;0.0454
1512;15.1024;21.1143;0.0657
1513;16.6393;21.0958;0.0858
1514;18.1541;21.0800;0.0988
1515;19.6119;21.0848;0.1063
1516;20.8923;21.0955;0.1322
1517;1.0771;20.0173;0.0209
1518;2.3084;19.8346;0.0062
1519;3.6755;19.8120;0.0187
1520;5.1311;19.8063;0.0141
1521;6.6326;19.7997;0.0045
1522;8.1597;19.7887;0.0202
1523;9.6991;19.7785;0.0231
1524;11.2436;19.7655;0.0298
1525;12.7907;19.7510;0.0406
1526;14.3403;19.7360;0.0540
1527;15.8845;19.7223;0.0851
1528;17.4226;19.7062;0.0911
1529;18.9552;19.6973;0.1060
1530;20.5054;19.6710;0.1316
1531;1.4312;18.5349;0.0161
1532;2.9090;18.4374;0.0203
1533;4.3816;18.4240;0.0137
1534;5.8817;18.4164;0.0164
1535;7.4019;18.4079;0.0150
1536;8.9389;18.3946;0.0187
1537;10.4796;18.3850;0.0326
1538;12.0266;18.3697;0.0375
1539;13.5751;18.3565;0.0456
1540;15.1201;18.3436;0.0711
1541;16.6544;18.3269;0.0865
1542;18.1614;18.3166;0.0986
1543;19.5957;18.3029;0.1154
1544;20.8802;18.2212;0.1365
1545;1.0406;17.1065;0.0259
1546;2.2609;17.0774;0.0160
1547;3.6664;17.0444;0.0034
1548;5.1402;17.0337;0.0101
1549;6.6517;17.0273;0.0164
1550;8.1812;17.0165;0.0163
1551;9.7195;17.0027;0.0259
1552;11.2665;16.9892;0.0233
1553;12.8123;16.9760;0.0393
1554;14.3581;16.9612;0.0544
1555;15.8992;16.9457;0.0773
1556;17.4274;16.9304;0.0913
1557;18.9255;16.9155;0.1085
1558;20.4118;16.8883;0.1218
1559;1.4234;15.6839;0.0240
1560;2.9073;15.6772;0.0161
1561;4.3912;15.6584;0.0166
1562;5.8985;15.6473;0.0237
1563;7.4229;15.6364;0.0262
1564;8.9614;15.6238;0.0206
1565;10.5022;15.6091;0.0284
1566;12.0478;15.5957;0.0379
1567;13.5965;15.5836;0.0517
1568;15.1396;15.5669;0.0634
1569;16.6717;15.5495;0.0814
1570;18.1783;15.5343;0.0921
1571;19.6259;15.5317;0.1160
1572;21.0114;15.5585;0.1248
1573;1.0821;14.2603;0.0229
1574;2.3063;14.2962;0.0146
1575;3.6957;14.2832;0.0210
1576;5.1658;14.2684;0.0160
1577;6.6748;14.2579;0.0260
1578;8.2030;14.2447;0.0214
1579;9.7420;14.2281;0.0237
1580;11.2843;14.2153;0.0377
1581;12.8318;14.2023;0.0474
1582;14.3782;14.1840;0.0575
1583;15.9187;14.1687;0.0744
1584;17.4422;14.1487;0.0853
1585;18.9379;14.1419;0.0991
1586;20.4205;14.1854;0.1112
1587;1.5340;12.9122;0.0250
1588;2.9703;12.9001;0.0117
1589;4.4305;12.8880;0.0203
1590;5.9275;12.8754;0.0209
1591;7.4485;12.8637;0.0232
1592;8.9823;12.8508;0.0237
1593;10.5251;12.8378;0.0332
1594;12.0701;12.8230;0.0369
1595;13.6159;12.8072;0.0517
1596;15.1588;12.7890;0.0696
1597;16.6912;12.7673;0.0717
1598;18.1866;12.7515;0.0938
1599;19.6144;12.7601;0.1056
1600;20.8888;12.8751;0.1200
1601;0.9767;11.5996;0.0419
1602;2.3112;11.5348;0.0171
1603;3.7194;11.5075;0.0177
1604;5.1900;11.4946;0.0234
1605;6.7006;11.4824;0.0232
1606;8.2286;11.4685;0.0268
1607;9.7655;11.4567;0.0290
1608;11.3096;11.4400;0.0263
1609;12.8548;11.4277;0.0386
1610;14.4001;11.4098;0.0556
1611;15.9396;11.3891;0.0732
1612;17.4718;11.3715;0.0879
1613;18.9918;11.3611;0.1020
1614;20.5258;11.4094;0.1210
1615;1.5585;10.2182;0.0327
1616;2.9950;10.1398;0.0171
1617;4.4551;10.1153;0.0279
1618;5.9506;10.1032;0.0254
1619;7.4752;10.0885;0.0198
1620;9.0079;10.0756;0.0303
1621;10.5470;10.0607;0.0372
1622;12.0923;10.0454;0.0422
1623;13.6369;10.0294;0.0572
1624;15.1799;10.0086;0.0663
1625;16.7157;9.9917;0.0767
1626;18.2269;9.9762;0.0890
1627;19.6801;9.9703;0.0975
1628;20.9656;9.9979;0.1170
1629;1.1243;8.9145;0.0249
1630;2.3504;8.7782;0.0311
1631;3.7444;8.7354;0.0285
1632;5.2128;8.7237;0.0298
1633;6.7244;8.7111;0.0228
1634;8.2519;8.6967;0.0263
1635;9.7883;8.6819;0.0375
1636;11.3300;8.6672;0.0440
1637;12.8748;8.6521;0.0540
1638;14.4209;8.6349;0.0587
1639;15.9651;8.6167;0.0643
1640;17.4982;8.6022;0.0762
1641;19.0232;8.5889;0.0884
1642;20.5639;8.5457;0.1061
1643;1.4767;7.4501;0.0321
1644;2.9679;7.3708;0.0333
1645;4.4613;7.3492;0.0324
1646;5.9696;7.3352;0.0266
1647;7.4946;7.3217;0.0320
1648;9.0287;7.3073;0.0340
1649;10.5703;7.2916;0.0328
1650;12.1170;7.2752;0.0292
1651;13.6615;7.2626;0.0495
1652;15.2041;7.2449;0.0676
1653;16.7380;7.2331;0.0714
1654;18.2364;7.2195;0.0841
1655;19.6624;7.1964;0.0943
1656;20.9302;7.0766;0.1120
1657;1.0729;6.0449;0.0292
1658;2.3186;6.0112;0.0331
1659;3.7409;5.9879;0.0273
1660;5.2233;5.9723;0.0230
1661;6.7412;5.9599;0.0321
1662;8.2733;5.9452;0.0265
1663;9.8080;5.9291;0.0423
1664;11.3547;5.9170;0.0350
1665;12.8973;5.9007;0.0601
1666;14.4450;5.8853;0.0575
1667;15.9870;5.8720;0.0694
1668;17.5097;5.8575;0.0788
1669;19.0050;5.8382;0.0868
1670;20.4851;5.7779;0.0995
1671;1.4731;4.6234;0.0348
1672;2.9727;4.6425;0.0376
1673;4.4708;4.6274;0.0300
1674;5.9825;4.6178;0.0332
1675;7.5129;4.6011;0.0280
1676;9.0468;4.5888;0.0425
1677;10.5912;4.5805;0.0463
1678;12.1407;4.5612;0.0326
1679;13.6840;4.5500;0.0610
1680;15.2287;4.5398;0.0639
1681;16.7644;4.5276;0.0779
1682;18.2678;4.5122;0.0783
1683;19.7163;4.4965;0.0928
1684;21.1118;4.4412;0.1051
1685;1.1244;3.1869;0.0438
1686;2.3509;3.2983;0.0293
1687;3.7559;3.3042;0.0333
1688;5.2347;3.2952;0.0389
1689;6.7550;3.2843;0.0346
1690;8.2870;3.2743;0.0390
1691;9.8288;3.2622;0.0470
1692;11.3726;3.2535;0.0611
1693;12.9231;3.2438;0.0562
1694;14.4729;3.2380;0.0619
1695;16.0170;3.2291;0.0650
1696;17.5435;3.2211;0.0781
1697;19.0398;3.2141;0.0850
1698;20.5242;3.2273;0.0964
1699;1.5315;1.9329;0.0453
1700;2.9868;1.9844;0.0354
1701;4.4782;1.9909;0.0344
1702;5.9954;1.9869;0.0302
1703;7.5300;1.9810;0.0386
1704;9.0724;1.9760;0.0389
1705;10.6158;1.9734;0.0669
1706;12.1695;1.9672;0.0529
1707;13.7180;1.9657;0.0650
1708;15.2691;1.9655;0.0650
1709;16.8113;1.9612;0.0637
1710;18.3241;1.9582;0.0833
1711;19.7763;1.9555;0.0837
1712;21.0572;2.0215;0.0893
