# Units: length:mm angle:deg time:s strain:% force:N 
# Stage: Stufe 983
stage;index;relative_time;date
"Stufe 983";983;290.9750;"2024-01-29T12:10:30.520"
# Name : Analogeingang 0
force;untransformed;transformed
7833.6353;2.6112;7833.6353
# Name : Flächenkomponente 1
id;x;y;z
0;0.1035;153.4171;-0.0010
1;1.6368;153.5179;-0.0236
2;3.1696;153.5000;-0.0486
3;4.7043;153.4777;-0.0685
4;6.2392;153.4581;-0.0861
5;7.7752;153.4335;-0.1031
6;9.3122;153.4141;-0.1309
7;10.8527;153.3881;-0.1473
8;12.3930;153.3611;-0.1608
9;13.9408;153.3314;-0.1824
10;15.4863;153.2981;-0.1996
11;17.0348;153.2632;-0.2097
12;18.5885;153.2278;-0.2201
13;20.1433;153.1942;-0.2334
14;21.5861;152.8102;-0.2455
15;21.9168;151.3906;-0.2322
16;21.8996;149.7890;-0.2323
17;21.8822;148.1829;-0.2290
18;21.8637;146.5802;-0.2192
19;21.8490;144.9704;-0.2089
20;21.8373;143.3628;-0.1974
21;21.8256;141.7492;-0.1938
22;21.8175;140.1388;-0.1807
23;21.8113;138.5239;-0.1839
24;21.8062;136.9109;-0.1756
25;21.8033;135.2978;-0.1713
26;21.8001;133.6874;-0.1626
27;21.7983;132.0721;-0.1564
28;21.7924;130.4602;-0.1493
29;21.7895;128.8476;-0.1376
30;21.7869;127.2345;-0.1318
31;21.7841;125.6233;-0.1241
32;21.7811;124.0124;-0.1148
33;21.7781;122.3977;-0.1033
34;21.7746;120.7849;-0.1047
35;21.7714;119.1681;-0.0964
36;21.7681;117.5547;-0.0773
37;21.7650;115.9376;-0.0686
38;21.7650;114.3264;-0.0564
39;21.7637;112.7086;-0.0518
40;21.7644;111.0910;-0.0424
41;21.7616;109.4742;-0.0282
42;21.7623;107.8582;-0.0267
43;21.7604;106.2410;-0.0199
44;21.7603;104.6238;-0.0191
45;21.7576;103.0058;-0.0042
46;21.7538;101.3871;0.0025
47;21.7559;99.7740;0.0061
48;21.7548;98.1529;0.0074
49;21.7523;96.5370;0.0108
50;21.7506;94.9172;0.0108
51;21.7472;93.3011;0.0345
52;21.7466;91.6851;0.0431
53;21.7486;90.0627;0.0484
54;21.7482;88.4442;0.0618
55;21.7494;86.8275;0.0683
56;21.7492;85.2088;0.0694
57;21.7500;83.5906;0.0778
58;21.7514;81.9725;0.0805
59;21.7546;80.3524;0.0785
60;21.7561;78.7330;0.0913
61;21.7557;77.1112;0.1021
62;21.7565;75.4934;0.1035
63;21.7574;73.8743;0.1089
64;21.7611;72.2548;0.1101
65;21.7668;70.6376;0.1177
66;21.7697;69.0191;0.1214
67;21.7710;67.4004;0.1257
68;21.7731;65.7818;0.1219
69;21.7742;64.1657;0.1351
70;21.7773;62.5483;0.1376
71;21.7805;60.9308;0.1419
72;21.7831;59.3137;0.1411
73;21.7855;57.6975;0.1457
74;21.7847;56.0804;0.1586
75;21.7881;54.4635;0.1579
76;21.7918;52.8488;0.1558
77;21.7950;51.2331;0.1539
78;21.8004;49.6204;0.1604
79;21.8010;48.0053;0.1667
80;21.8049;46.3905;0.1623
81;21.8092;44.7763;0.1633
82;21.8146;43.1623;0.1644
83;21.8217;41.5454;0.1662
84;21.8262;39.9335;0.1728
85;21.8336;38.3166;0.1684
86;21.8418;36.7000;0.1579
87;21.8465;35.0872;0.1679
88;21.8519;33.4770;0.1680
89;21.8598;31.8622;0.1735
90;21.8666;30.2488;0.1674
91;21.8739;28.6339;0.1674
92;21.8802;27.0199;0.1732
93;21.8843;25.4047;0.1804
94;21.8885;23.7930;0.1805
95;21.8971;22.1776;0.1781
96;21.9051;20.5643;0.1721
97;21.9077;18.9504;0.1719
98;21.9114;17.3404;0.1627
99;21.9172;15.7280;0.1586
100;21.9236;14.1172;0.1516
101;21.9319;12.5078;0.1408
102;21.9416;10.8983;0.1384
103;21.9513;9.2909;0.1337
104;21.9661;7.6847;0.1293
105;21.9826;6.0821;0.1231
106;21.9997;4.4781;0.1151
107;22.0180;2.8779;0.1071
108;21.9728;1.2787;0.0936
109;20.7218;0.8376;0.0892
110;19.1611;0.8259;0.0788
111;17.6033;0.8153;0.0707
112;16.0515;0.8048;0.0693
113;14.4975;0.7995;0.0692
114;12.9481;0.7887;0.0581
115;11.4007;0.7801;0.0599
116;9.8495;0.7825;0.0533
117;8.3068;0.7771;0.0457
118;6.7617;0.7810;0.0439
119;5.2245;0.7836;0.0357
120;3.6769;0.7952;0.0357
121;2.1343;0.8079;0.0405
122;0.5970;0.8064;0.0417
123;0.0858;2.1750;0.0472
124;0.0869;3.7726;0.0493
125;0.0882;5.3708;0.0361
126;0.0896;6.9720;0.0341
127;0.0873;8.5739;0.0272
128;0.0823;10.1772;0.0292
129;0.0736;11.7812;0.0484
130;0.0737;13.3899;0.0356
131;0.0652;14.9932;0.0357
132;0.0613;16.6012;0.0249
133;0.0505;18.2091;0.0230
134;0.0416;19.8151;0.0247
135;0.0341;21.4251;0.0247
136;0.0270;23.0332;0.0194
137;0.0220;24.6438;0.0259
138;0.0192;26.2491;0.0140
139;0.0160;27.8569;-0.0024
140;0.0123;29.4639;-0.0072
141;0.0057;31.0746;0.0014
142;0.0034;32.6813;0.0063
143;0.0029;34.2937;0.0033
144;-0.0007;35.8978;0.0038
145;-0.0008;37.5063;-0.0084
146;-0.0038;39.1111;-0.0003
147;-0.0017;40.7197;-0.0252
148;-0.0058;42.3269;-0.0124
149;-0.0053;43.9355;-0.0133
150;-0.0049;45.5435;-0.0392
151;-0.0109;47.1545;-0.0288
152;-0.0136;48.7663;-0.0260
153;-0.0154;50.3737;-0.0380
154;-0.0178;51.9836;-0.0465
155;-0.0211;53.5939;-0.0465
156;-0.0217;55.2050;-0.0466
157;-0.0221;56.8143;-0.0441
158;-0.0242;58.4263;-0.0486
159;-0.0251;60.0368;-0.0524
160;-0.0275;61.6471;-0.0492
161;-0.0308;63.2559;-0.0549
162;-0.0304;64.8671;-0.0606
163;-0.0315;66.4795;-0.0603
164;-0.0305;68.0869;-0.0763
165;-0.0308;69.6968;-0.0702
166;-0.0313;71.3059;-0.0787
167;-0.0313;72.9157;-0.0796
168;-0.0285;74.5254;-0.0894
169;-0.0322;76.1354;-0.1002
170;-0.0332;77.7440;-0.0886
171;-0.0352;79.3534;-0.0873
172;-0.0338;80.9619;-0.0857
173;-0.0337;82.5740;-0.0703
174;-0.0344;84.1816;-0.0664
175;-0.0337;85.7925;-0.0718
176;-0.0345;87.4025;-0.0766
177;-0.0369;89.0136;-0.0754
178;-0.0367;90.6220;-0.0799
179;-0.0392;92.2330;-0.0814
180;-0.0415;93.8443;-0.0792
181;-0.0450;95.4544;-0.0771
182;-0.0470;97.0619;-0.0886
183;-0.0497;98.6713;-0.0737
184;-0.0509;100.2827;-0.0711
185;-0.0503;101.8913;-0.0706
186;-0.0502;103.5034;-0.0726
187;-0.0551;105.1125;-0.0600
188;-0.0540;106.7216;-0.0560
189;-0.0558;108.3312;-0.0450
190;-0.0559;109.9426;-0.0497
191;-0.0538;111.5504;-0.0487
192;-0.0554;113.1595;-0.0382
193;-0.0553;114.7681;-0.0321
194;-0.0523;116.3774;-0.0361
195;-0.0545;117.9863;-0.0314
196;-0.0513;119.5960;-0.0230
197;-0.0461;121.2007;-0.0229
198;-0.0413;122.8113;-0.0146
199;-0.0356;124.4251;-0.0104
200;-0.0316;126.0349;-0.0037
201;-0.0282;127.6430;0.0030
202;-0.0220;129.2523;0.0014
203;-0.0152;130.8683;0.0056
204;-0.0087;132.4791;-0.0003
205;-0.0027;134.0921;0.0075
206;0.0089;135.7056;0.0055
207;0.0179;137.3231;0.0087
208;0.0300;138.9377;0.0146
209;0.0375;140.5490;0.0195
210;0.0467;142.1578;0.0150
211;0.0609;143.7699;0.0197
212;0.0717;145.3807;0.0187
213;0.0783;146.9901;0.0190
214;0.0860;148.5982;0.0129
215;0.0936;150.2029;0.0079
216;0.0986;151.8099;0.0021
217;1.1212;152.3897;-0.0114
218;2.4436;152.1952;-0.0288
219;3.8973;152.1862;-0.0558
220;5.4005;152.1788;-0.0719
221;6.9208;152.1733;-0.0962
222;8.4499;152.1639;-0.1164
223;9.9855;152.1548;-0.1360
224;11.5230;152.1436;-0.1519
225;13.0651;152.1324;-0.1691
226;14.6070;152.1171;-0.1837
227;16.1428;152.1027;-0.1968
228;17.6649;152.0957;-0.2165
229;19.1537;152.0895;-0.2277
230;20.5746;151.9490;-0.2347
231;1.5380;150.9143;-0.0066
232;3.0789;150.8628;-0.0454
233;4.5955;150.8606;-0.0623
234;6.1125;150.8652;-0.0831
235;7.6372;150.8698;-0.1068
236;9.1685;150.8721;-0.1219
237;10.7041;150.8751;-0.1407
238;12.2414;150.8777;-0.1542
239;13.7789;150.8751;-0.1687
240;15.3154;150.8715;-0.1888
241;16.8323;150.8695;-0.2020
242;18.2997;150.8709;-0.2212
243;19.6688;150.8452;-0.2299
244;20.9516;150.6892;-0.2236
245;1.1444;149.4933;-0.0047
246;2.4092;149.5021;-0.0352
247;3.8536;149.5106;-0.0518
248;5.3448;149.5244;-0.0670
249;6.8627;149.5337;-0.0936
250;8.3859;149.5444;-0.1049
251;9.9169;149.5554;-0.1249
252;11.4511;149.5666;-0.1389
253;12.9891;149.5728;-0.1616
254;14.5234;149.5807;-0.1805
255;16.0499;149.5813;-0.1872
256;17.5416;149.5844;-0.2011
257;18.9713;149.5809;-0.2160
258;20.3476;149.6029;-0.2212
259;1.5531;148.0552;-0.0084
260;3.0776;148.1358;-0.0400
261;4.5839;148.1559;-0.0641
262;6.0985;148.1717;-0.0766
263;7.6177;148.1854;-0.0955
264;9.1463;148.1999;-0.1142
265;10.6791;148.2127;-0.1257
266;12.2127;148.2278;-0.1513
267;13.7480;148.2373;-0.1623
268;15.2779;148.2489;-0.1796
269;16.7892;148.2526;-0.1905
270;18.2458;148.2513;-0.2070
271;19.6052;148.2709;-0.2087
272;20.8190;148.5062;-0.2206
273;1.1843;146.5593;-0.0047
274;2.4495;146.7242;-0.0240
275;3.8669;146.7666;-0.0474
276;5.3490;146.7851;-0.0649
277;6.8562;146.8004;-0.0807
278;8.3790;146.8198;-0.0952
279;9.9099;146.8361;-0.1213
280;11.4412;146.8507;-0.1319
281;12.9775;146.8687;-0.1521
282;14.5094;146.8824;-0.1676
283;16.0365;146.8921;-0.1742
284;17.5409;146.8969;-0.1903
285;19.0119;146.9109;-0.2102
286;20.4773;147.0310;-0.2208
287;1.6374;145.2644;-0.0132
288;3.1128;145.3559;-0.0341
289;4.5941;145.3861;-0.0549
290;6.0972;145.4076;-0.0730
291;7.6151;145.4240;-0.0862
292;9.1394;145.4431;-0.1056
293;10.6722;145.4582;-0.1203
294;12.2066;145.4776;-0.1415
295;13.7421;145.4955;-0.1566
296;15.2734;145.5110;-0.1676
297;16.7904;145.5215;-0.1836
298;18.2665;145.5347;-0.1932
299;19.6589;145.5732;-0.2006
300;20.8560;145.6113;-0.2117
301;1.0282;143.8568;-0.0007
302;2.4128;143.9456;-0.0185
303;3.8571;143.9827;-0.0495
304;5.3418;144.0068;-0.0589
305;6.8519;144.0273;-0.0876
306;8.3736;144.0450;-0.1006
307;9.9025;144.0632;-0.1042
308;11.4361;144.0793;-0.1271
309;12.9729;144.0993;-0.1458
310;14.5075;144.1161;-0.1643
311;16.0376;144.1311;-0.1732
312;17.5488;144.1480;-0.1843
313;19.0271;144.1658;-0.1942
314;20.4848;144.1876;-0.2038
315;1.6187;142.5604;-0.0122
316;3.0999;142.5772;-0.0334
317;4.5830;142.6013;-0.0463
318;6.0872;142.6244;-0.0738
319;7.6060;142.6411;-0.0768
320;9.1341;142.6596;-0.0958
321;10.6668;142.6766;-0.1149
322;12.2035;142.6930;-0.1322
323;13.7400;142.7134;-0.1474
324;15.2731;142.7340;-0.1616
325;16.7899;142.7525;-0.1780
326;18.2584;142.7689;-0.1781
327;19.6400;142.7678;-0.1893
328;20.8266;142.7578;-0.1927
329;1.1287;141.2203;-0.0002
330;2.4180;141.1668;-0.0269
331;3.8476;141.1946;-0.0435
332;5.3332;141.2162;-0.0561
333;6.8429;141.2372;-0.0746
334;8.3670;141.2561;-0.0909
335;9.8987;141.2739;-0.1040
336;11.4335;141.2914;-0.1214
337;12.9705;141.3099;-0.1341
338;14.5087;141.3282;-0.1523
339;16.0353;141.3463;-0.1672
340;17.5353;141.3669;-0.1717
341;18.9921;141.3826;-0.1809
342;20.4419;141.3169;-0.1861
343;1.5001;139.7832;0.0006
344;3.0525;139.7971;-0.0299
345;4.5635;139.8141;-0.0460
346;6.0771;139.8318;-0.0688
347;7.6001;139.8512;-0.0818
348;9.1297;139.8671;-0.0972
349;10.6610;139.8873;-0.1149
350;12.2022;139.9047;-0.1277
351;13.7377;139.9248;-0.1378
352;15.2707;139.9436;-0.1507
353;16.7811;139.9607;-0.1598
354;18.2287;139.9804;-0.1772
355;19.5739;139.9964;-0.1821
356;20.7724;139.8245;-0.1804
357;1.1241;138.3294;-0.0045
358;2.4081;138.4081;-0.0179
359;3.8364;138.4136;-0.0363
360;5.3245;138.4290;-0.0563
361;6.8381;138.4452;-0.0695
362;8.3633;138.4644;-0.0899
363;9.8936;138.4832;-0.1044
364;11.4286;138.5024;-0.1110
365;12.9677;138.5195;-0.1228
366;14.5072;138.5398;-0.1374
367;16.0310;138.5564;-0.1574
368;17.5174;138.5696;-0.1616
369;18.9386;138.5867;-0.1699
370;20.2905;138.6217;-0.1749
371;1.5905;136.9909;-0.0089
372;3.0761;137.0121;-0.0275
373;4.5660;137.0255;-0.0444
374;6.0745;137.0428;-0.0602
375;7.5973;137.0611;-0.0794
376;9.1274;137.0799;-0.0937
377;10.6616;137.0998;-0.1116
378;12.1993;137.1166;-0.1132
379;13.7402;137.1351;-0.1375
380;15.2700;137.1518;-0.1426
381;16.7816;137.1635;-0.1540
382;18.2381;137.1753;-0.1672
383;19.5981;137.2035;-0.1790
384;20.8027;137.4698;-0.1686
385;0.9874;135.6593;-0.0040
386;2.3783;135.6199;-0.0211
387;3.8279;135.6239;-0.0363
388;5.3179;135.6393;-0.0541
389;6.8339;135.6570;-0.0623
390;8.3625;135.6755;-0.0883
391;9.8957;135.6946;-0.0943
392;11.4307;135.7148;-0.1040
393;12.9718;135.7341;-0.1260
394;14.5067;135.7522;-0.1317
395;16.0364;135.7655;-0.1513
396;17.5412;135.7744;-0.1532
397;19.0091;135.7974;-0.1656
398;20.4651;135.9069;-0.1720
399;1.5873;134.2770;-0.0094
400;3.0741;134.2285;-0.0304
401;4.5649;134.2338;-0.0405
402;6.0721;134.2545;-0.0529
403;7.5955;134.2742;-0.0740
404;9.1273;134.2933;-0.0858
405;10.6645;134.3114;-0.1079
406;12.2023;134.3284;-0.1134
407;13.7407;134.3496;-0.1264
408;15.2755;134.3643;-0.1366
409;16.7937;134.3730;-0.1375
410;18.2661;134.3863;-0.1517
411;19.6451;134.4265;-0.1659
412;20.8147;134.4685;-0.1697
413;1.1190;132.9691;-0.0027
414;2.4013;132.8392;-0.0113
415;3.8299;132.8319;-0.0283
416;5.3193;132.8493;-0.0484
417;6.8353;132.8705;-0.0663
418;8.3617;132.8877;-0.0727
419;9.8955;132.9079;-0.0958
420;11.4354;132.9252;-0.1078
421;12.9717;132.9438;-0.1103
422;14.5116;132.9621;-0.1202
423;16.0446;132.9776;-0.1435
424;17.5535;132.9873;-0.1403
425;19.0257;132.9982;-0.1541
426;20.4628;133.0086;-0.1562
427;1.4848;131.4840;-0.0146
428;3.0304;131.4340;-0.0207
429;4.5490;131.4437;-0.0326
430;6.0724;131.4659;-0.0523
431;7.5963;131.4886;-0.0599
432;9.1289;131.5045;-0.0834
433;10.6657;131.5228;-0.0952
434;12.2089;131.5441;-0.1262
435;13.7449;131.5591;-0.1183
436;15.2819;131.5766;-0.1262
437;16.8033;131.5862;-0.1345
438;18.2796;131.5814;-0.1484
439;19.6410;131.5617;-0.1415
440;20.7945;131.5438;-0.1442
441;1.0600;130.0161;-0.0158
442;2.3516;130.0356;-0.0258
443;3.8129;130.0433;-0.0329
444;5.3135;130.0618;-0.0481
445;6.8339;130.0833;-0.0593
446;8.3640;130.1030;-0.0696
447;9.8990;130.1202;-0.0876
448;11.4387;130.1396;-0.0989
449;12.9771;130.1572;-0.1171
450;14.5174;130.1755;-0.1163
451;16.0559;130.1869;-0.1304
452;17.5804;130.1820;-0.1374
453;19.0738;130.1408;-0.1393
454;20.4982;130.0761;-0.1428
455;1.4739;128.5860;-0.0222
456;3.0282;128.6448;-0.0206
457;4.5477;128.6599;-0.0413
458;6.0730;128.6792;-0.0526
459;7.5984;128.6989;-0.0603
460;9.1332;128.7174;-0.0827
461;10.6697;128.7345;-0.0859
462;12.2109;128.7564;-0.1053
463;13.7527;128.7757;-0.1144
464;15.2956;128.7906;-0.1195
465;16.8429;128.7955;-0.1246
466;18.4048;128.7815;-0.1326
467;20.0254;128.7305;-0.1385
468;1.0964;127.1100;-0.0132
469;2.3933;127.2308;-0.0200
470;3.8309;127.2568;-0.0336
471;5.3232;127.2750;-0.0488
472;6.8407;127.2933;-0.0570
473;8.3680;127.3115;-0.0647
474;9.9043;127.3329;-0.0836
475;11.4416;127.3517;-0.0923
476;12.9829;127.3728;-0.1153
477;14.5252;127.3874;-0.1097
478;16.0706;127.4019;-0.1198
479;17.6200;127.4073;-0.1194
480;19.1727;127.3998;-0.1239
481;20.7060;127.3219;-0.1337
482;1.5703;125.7952;-0.0198
483;3.0705;125.8477;-0.0280
484;4.5680;125.8730;-0.0472
485;6.0807;125.8919;-0.0517
486;7.6048;125.9127;-0.0593
487;9.1390;125.9297;-0.0757
488;10.6773;125.9485;-0.0832
489;12.2165;125.9696;-0.1003
490;13.7569;125.9860;-0.1125
491;15.3027;126.0029;-0.1143
492;16.8539;126.0154;-0.1162
493;18.4210;126.0222;-0.1141
494;20.0279;126.0278;-0.1194
495;0.9604;124.4353;-0.0187
496;2.3667;124.4483;-0.0267
497;3.8299;124.4659;-0.0357
498;5.3301;124.4868;-0.0482
499;6.8474;124.5056;-0.0648
500;8.3753;124.5255;-0.0650
501;9.9105;124.5454;-0.0778
502;11.4484;124.5648;-0.0789
503;12.9891;124.5827;-0.0897
504;14.5307;124.6020;-0.0984
505;16.0767;124.6174;-0.1126
506;17.6255;124.6254;-0.1094
507;19.1609;124.6239;-0.1110
508;20.5887;124.7331;-0.1149
509;1.5685;123.0830;-0.0231
510;3.0710;123.0646;-0.0337
511;4.5721;123.0812;-0.0425
512;6.0900;123.1017;-0.0532
513;7.6143;123.1222;-0.0550
514;9.1458;123.1424;-0.0669
515;10.6829;123.1617;-0.0670
516;12.2244;123.1800;-0.0914
517;13.7653;123.1984;-0.0942
518;15.3118;123.2174;-0.0955
519;16.8697;123.2337;-0.0979
520;18.4621;123.2478;-0.1020
521;20.1487;123.2483;-0.1102
522;1.0874;121.7622;-0.0178
523;2.3926;121.6679;-0.0319
524;3.8366;121.6733;-0.0322
525;5.3357;121.6954;-0.0441
526;6.8526;121.7156;-0.0567
527;8.3852;121.7370;-0.0629
528;9.9173;121.7586;-0.0634
529;11.4566;121.7744;-0.0724
530;12.9942;121.7945;-0.0837
531;14.5412;121.8129;-0.0961
532;16.0860;121.8329;-0.0953
533;17.6299;121.8510;-0.0926
534;19.1591;121.8705;-0.0957
535;20.5732;121.7723;-0.1048
536;1.4676;120.3032;-0.0259
537;3.0329;120.2724;-0.0357
538;4.5631;120.2925;-0.0471
539;6.0889;120.3135;-0.0506
540;7.6216;120.3353;-0.0619
541;9.1565;120.3544;-0.0642
542;10.6922;120.3714;-0.0695
543;12.2319;120.3898;-0.0795
544;13.7718;120.4063;-0.0754
545;15.3178;120.4255;-0.0915
546;16.8669;120.4462;-0.0863
547;18.4285;120.4656;-0.0858
548;20.0233;120.4549;-0.0928
549;1.0461;118.8651;-0.0299
550;2.3552;118.8715;-0.0367
551;3.8226;118.8931;-0.0433
552;5.3357;118.9126;-0.0459
553;6.8611;118.9325;-0.0579
554;8.3929;118.9501;-0.0578
555;9.9275;118.9657;-0.0636
556;11.4648;118.9830;-0.0729
557;13.0069;119.0004;-0.0792
558;14.5482;119.0218;-0.0832
559;16.0923;119.0392;-0.0776
560;17.6372;119.0606;-0.0795
561;19.1757;119.0861;-0.0893
562;20.6933;119.1279;-0.0881
563;1.4675;117.4126;-0.0308
564;3.0402;117.4923;-0.0465
565;4.5721;117.5142;-0.0518
566;6.0999;117.5310;-0.0532
567;7.6287;117.5470;-0.0537
568;9.1622;117.5648;-0.0567
569;10.7012;117.5821;-0.0659
570;12.2425;117.6005;-0.0784
571;13.7826;117.6182;-0.0794
572;15.3264;117.6365;-0.0759
573;16.8745;117.6590;-0.0730
574;18.4322;117.6841;-0.0836
575;20.0157;117.7600;-0.0747
576;1.0929;115.9042;-0.0313
577;2.3980;116.0686;-0.0355
578;3.8496;116.1134;-0.0497
579;5.3495;116.1301;-0.0507
580;6.8690;116.1453;-0.0471
581;8.4012;116.1618;-0.0609
582;9.9380;116.1799;-0.0648
583;11.4764;116.1965;-0.0690
584;13.0150;116.2142;-0.0649
585;14.5567;116.2294;-0.0698
586;16.1007;116.2480;-0.0811
587;17.6392;116.2652;-0.0688
588;19.1529;116.3025;-0.0715
589;20.5381;116.4708;-0.0752
590;1.5704;114.6097;-0.0371
591;3.0858;114.6970;-0.0499
592;4.5914;114.7274;-0.0526
593;6.1096;114.7463;-0.0527
594;7.6375;114.7605;-0.0511
595;9.1740;114.7799;-0.0748
596;10.7100;114.7977;-0.0593
597;12.2513;114.8132;-0.0732
598;13.7928;114.8294;-0.0700
599;15.3383;114.8435;-0.0757
600;16.8943;114.8610;-0.0717
601;18.4787;114.8787;-0.0679
602;20.1325;114.9646;-0.0675
603;0.9481;113.2202;-0.0407
604;2.3766;113.2850;-0.0482
605;3.8512;113.3217;-0.0524
606;5.3565;113.3434;-0.0570
607;6.8766;113.3611;-0.0564
608;8.4098;113.3778;-0.0594
609;9.9464;113.3965;-0.0643
610;11.4866;113.4104;-0.0589
611;13.0282;113.4242;-0.0740
612;14.5676;113.4366;-0.0663
613;16.1140;113.4530;-0.0692
614;17.6670;113.4739;-0.0640
615;19.2087;113.4931;-0.0697
616;20.6002;113.5084;-0.0560
617;1.5720;111.9089;-0.0591
618;3.0889;111.9179;-0.0525
619;4.5997;111.9415;-0.0565
620;6.1172;111.9614;-0.0580
621;7.6485;111.9769;-0.0574
622;9.1839;111.9931;-0.0605
623;10.7209;112.0069;-0.0594
624;12.2601;112.0220;-0.0653
625;13.7985;112.0328;-0.0513
626;15.3471;112.0512;-0.0753
627;16.9055;112.0709;-0.0613
628;18.4910;112.0877;-0.0586
629;20.1393;112.0398;-0.0452
630;1.0809;110.5723;-0.0493
631;2.4022;110.5112;-0.0530
632;3.8608;110.5342;-0.0577
633;5.3654;110.5573;-0.0547
634;6.8862;110.5748;-0.0514
635;8.4178;110.5895;-0.0445
636;9.9562;110.6056;-0.0560
637;11.4950;110.6188;-0.0567
638;13.0342;110.6339;-0.0627
639;14.5770;110.6456;-0.0579
640;16.1189;110.6661;-0.0600
641;17.6598;110.6813;-0.0643
642;19.1655;110.6760;-0.0500
643;20.5429;110.5367;-0.0454
644;1.4566;109.1152;-0.0519
645;3.0568;109.1368;-0.0522
646;4.5962;109.1576;-0.0587
647;6.1250;109.1774;-0.0607
648;7.6547;109.1885;-0.0462
649;9.1920;109.2024;-0.0611
650;10.7282;109.2161;-0.0612
651;12.2683;109.2298;-0.0594
652;13.8085;109.2426;-0.0525
653;15.3525;109.2604;-0.0565
654;16.8973;109.2756;-0.0476
655;18.4481;109.2807;-0.0407
656;20.0253;109.2309;-0.0444
657;1.0489;107.6185;-0.0485
658;2.3943;107.7545;-0.0461
659;3.8655;107.7619;-0.0566
660;5.3750;107.7766;-0.0518
661;6.8964;107.7905;-0.0570
662;8.4279;107.8028;-0.0523
663;9.9644;107.8138;-0.0573
664;11.5022;107.8257;-0.0583
665;13.0445;107.8424;-0.0604
666;14.5861;107.8566;-0.0547
667;16.1283;107.8689;-0.0461
668;17.6625;107.8832;-0.0375
669;19.1901;107.8817;-0.0391
670;20.6952;107.8716;-0.0352
671;1.5824;106.3364;-0.0466
672;3.1041;106.3606;-0.0522
673;4.6169;106.3744;-0.0535
674;6.1381;106.3872;-0.0677
675;7.6673;106.4008;-0.0521
676;9.2013;106.4159;-0.0658
677;10.7378;106.4253;-0.0517
678;12.2775;106.4389;-0.0546
679;13.8201;106.4516;-0.0536
680;15.3611;106.4654;-0.0491
681;16.9055;106.4789;-0.0406
682;18.4570;106.4882;-0.0381
683;20.0337;106.5288;-0.0360
684;0.9551;105.0416;-0.0466
685;2.3968;104.9775;-0.0527
686;3.8780;104.9793;-0.0617
687;5.3875;104.9889;-0.0578
688;6.9097;104.9996;-0.0535
689;8.4390;105.0130;-0.0545
690;9.9755;105.0270;-0.0610
691;11.5106;105.0393;-0.0530
692;13.0515;105.0524;-0.0449
693;14.5947;105.0645;-0.0475
694;16.1346;105.0752;-0.0432
695;17.6702;105.0847;-0.0380
696;19.1797;105.0950;-0.0383
697;20.5611;105.2199;-0.0332
698;1.5942;103.6522;-0.0651
699;3.1191;103.5869;-0.0609
700;4.6309;103.5854;-0.0633
701;6.1514;103.5954;-0.0653
702;7.6767;103.6080;-0.0486
703;9.2094;103.6228;-0.0527
704;10.7486;103.6379;-0.0529
705;12.2845;103.6515;-0.0376
706;13.8304;103.6594;-0.0397
707;15.3723;103.6721;-0.0410
708;16.9259;103.6840;-0.0335
709;18.5012;103.6977;-0.0296
710;20.1566;103.7357;-0.0281
711;1.1142;102.3608;-0.0709
712;2.4343;102.2016;-0.0553
713;3.8921;102.1845;-0.0596
714;5.3993;102.1945;-0.0656
715;6.9198;102.2034;-0.0556
716;8.4500;102.2195;-0.0550
717;9.9868;102.2360;-0.0490
718;11.5243;102.2491;-0.0496
719;13.0646;102.2601;-0.0441
720;14.6031;102.2725;-0.0453
721;16.1457;102.2844;-0.0312
722;17.6840;102.2992;-0.0309
723;19.1974;102.3289;-0.0201
724;20.5919;102.2570;-0.0093
725;1.5017;100.8582;-0.0615
726;3.0872;100.7902;-0.0629
727;4.6285;100.7959;-0.0674
728;6.1592;100.8038;-0.0637
729;7.6895;100.8171;-0.0531
730;9.2242;100.8325;-0.0545
731;10.7635;100.8443;-0.0494
732;12.3004;100.8596;-0.0476
733;13.8403;100.8703;-0.0440
734;15.3829;100.8828;-0.0412
735;16.9261;100.8906;-0.0178
736;18.4782;100.9043;-0.0175
737;20.0481;100.9326;-0.0075
738;1.0787;99.4036;-0.0670
739;2.4015;99.4010;-0.0687
740;3.8842;99.3976;-0.0602
741;5.4019;99.4067;-0.0581
742;6.9309;99.4193;-0.0570
743;8.4659;99.4348;-0.0610
744;9.9993;99.4449;-0.0442
745;11.5384;99.4563;-0.0508
746;13.0749;99.4680;-0.0391
747;14.6144;99.4801;-0.0309
748;16.1567;99.4888;-0.0233
749;17.6961;99.4980;-0.0063
750;19.2281;99.5125;-0.0027
751;20.6945;99.6449;0.0006
752;1.4970;97.9577;-0.0634
753;3.0911;98.0027;-0.0603
754;4.6374;98.0085;-0.0652
755;6.1719;98.0209;-0.0669
756;7.7036;98.0328;-0.0572
757;9.2400;98.0445;-0.0646
758;10.7727;98.0557;-0.0469
759;12.3130;98.0642;-0.0451
760;13.8521;98.0750;-0.0311
761;15.3937;98.0881;-0.0320
762;16.9379;98.0975;-0.0154
763;18.5018;98.1102;0.0097
764;20.1068;98.1277;0.0003
765;1.1128;96.4864;-0.0657
766;2.4454;96.5976;-0.0594
767;3.9125;96.6138;-0.0704
768;5.4215;96.6217;-0.0592
769;6.9470;96.6316;-0.0605
770;8.4776;96.6418;-0.0573
771;10.0125;96.6531;-0.0456
772;11.5473;96.6642;-0.0463
773;13.0886;96.6746;-0.0417
774;14.6247;96.6841;-0.0255
775;16.1676;96.6956;-0.0157
776;17.7078;96.7090;-0.0094
777;19.2330;96.7250;0.0056
778;20.6928;96.6355;0.0065
779;1.6132;95.1681;-0.0685
780;3.1502;95.2059;-0.0776
781;4.6668;95.2188;-0.0682
782;6.1911;95.2297;-0.0763
783;7.7189;95.2407;-0.0579
784;9.2515;95.2519;-0.0501
785;10.7858;95.2594;-0.0390
786;12.3235;95.2712;-0.0435
787;13.8616;95.2799;-0.0333
788;15.4024;95.2915;-0.0236
789;16.9466;95.3033;-0.0077
790;18.4905;95.3160;-0.0101
791;20.0467;95.3205;0.0069
792;0.9826;93.8282;-0.0857
793;2.4326;93.8142;-0.0736
794;3.9227;93.8178;-0.0688
795;5.4373;93.8298;-0.0686
796;6.9619;93.8400;-0.0599
797;8.4918;93.8491;-0.0576
798;10.0262;93.8578;-0.0423
799;11.5619;93.8693;-0.0466
800;13.0956;93.8767;-0.0217
801;14.6366;93.8881;-0.0267
802;16.1750;93.8977;-0.0156
803;17.7040;93.9046;-0.0058
804;19.2056;93.9011;0.0029
805;20.5916;94.0174;0.0202
806;1.6242;92.4706;-0.0702
807;3.1611;92.4262;-0.0820
808;4.6801;92.4284;-0.0700
809;6.2031;92.4381;-0.0665
810;7.7328;92.4489;-0.0514
811;9.2641;92.4581;-0.0505
812;10.8004;92.4679;-0.0408
813;12.3347;92.4753;-0.0347
814;13.8745;92.4847;-0.0317
815;15.4128;92.4941;-0.0094
816;16.9633;92.5041;-0.0128
817;18.5288;92.5128;0.0065
818;20.1713;92.5195;0.0262
819;1.1341;91.1653;-0.0679
820;2.4700;91.0357;-0.0719
821;3.9400;91.0288;-0.0774
822;5.4501;91.0397;-0.0655
823;6.9740;91.0482;-0.0539
824;8.5070;91.0575;-0.0544
825;10.0389;91.0673;-0.0456
826;11.5722;91.0759;-0.0397
827;13.1062;91.0805;-0.0161
828;14.6488;91.0918;-0.0184
829;16.1844;91.1027;-0.0059
830;17.7124;91.1150;-0.0038
831;19.2053;91.1316;0.0124
832;20.5699;91.0488;0.0315
833;1.5299;89.6826;-0.0767
834;3.1284;89.6308;-0.0780
835;4.6760;89.6352;-0.0672
836;6.2119;89.6451;-0.0648
837;7.7451;89.6541;-0.0596
838;9.2783;89.6640;-0.0566
839;10.8136;89.6740;-0.0568
840;12.3476;89.6805;-0.0363
841;13.8861;89.6878;-0.0256
842;15.4240;89.6959;-0.0143
843;16.9622;89.7081;-0.0060
844;18.4978;89.7177;0.0179
845;20.0550;89.7112;0.0394
846;1.0823;88.2293;-0.0691
847;2.4331;88.2356;-0.0718
848;3.9290;88.2419;-0.0729
849;5.4538;88.2504;-0.0586
850;6.9837;88.2575;-0.0567
851;8.5182;88.2662;-0.0585
852;10.0524;88.2709;-0.0440
853;11.5867;88.2805;-0.0398
854;13.1218;88.2865;-0.0236
855;14.6605;88.2956;-0.0132
856;16.1960;88.3042;-0.0094
857;17.7229;88.3147;0.0132
858;19.2297;88.3362;0.0293
859;20.7014;88.3920;0.0421
860;1.5352;86.7727;-0.0721
861;3.1390;86.8450;-0.0801
862;4.6864;86.8536;-0.0547
863;6.2240;86.8622;-0.0731
864;7.7561;86.8666;-0.0605
865;9.2904;86.8706;-0.0555
866;10.8248;86.8779;-0.0458
867;12.3624;86.8843;-0.0434
868;13.8984;86.8912;-0.0233
869;15.4357;86.9004;-0.0066
870;16.9699;86.9077;0.0149
871;18.5045;86.9281;0.0240
872;20.0548;87.0045;0.0402
873;1.1473;85.2726;-0.0747
874;2.4880;85.4256;-0.0809
875;3.9618;85.4563;-0.0657
876;5.4731;85.4607;-0.0579
877;6.9991;85.4669;-0.0662
878;8.5300;85.4733;-0.0564
879;10.0664;85.4785;-0.0442
880;11.6023;85.4840;-0.0409
881;13.1369;85.4882;-0.0242
882;14.6724;85.4961;-0.0171
883;16.2054;85.5027;0.0043
884;17.7256;85.5097;0.0225
885;19.2098;85.5449;0.0262
886;20.5549;85.7088;0.0540
887;1.6488;83.9716;-0.0793
888;3.1935;84.0437;-0.0758
889;4.7159;84.0605;-0.0771
890;6.2418;84.0689;-0.0743
891;7.7700;84.0738;-0.0483
892;9.3047;84.0778;-0.0560
893;10.8382;84.0825;-0.0394
894;12.3740;84.0873;-0.0378
895;13.9122;84.0955;-0.0194
896;15.4511;84.1007;-0.0005
897;16.9954;84.1054;0.0166
898;18.5525;84.1200;0.0387
899;20.1644;84.2021;0.0622
900;1.0028;82.6045;-0.0817
901;2.4705;82.6375;-0.0751
902;3.9676;82.6580;-0.0703
903;5.4855;82.6694;-0.0668
904;7.0117;82.6744;-0.0573
905;8.5439;82.6797;-0.0581
906;10.0764;82.6830;-0.0414
907;11.6133;82.6872;-0.0416
908;13.1510;82.6932;-0.0238
909;14.6876;82.6990;-0.0122
910;16.2254;82.7057;0.0111
911;17.7583;82.7135;0.0253
912;19.2645;82.7313;0.0563
913;20.6233;82.7488;0.0706
914;1.6495;81.2762;-0.0882
915;3.1982;81.2597;-0.0783
916;4.7263;81.2682;-0.0754
917;6.2515;81.2755;-0.0679
918;7.7842;81.2817;-0.0555
919;9.3159;81.2851;-0.0503
920;10.8512;81.2893;-0.0337
921;12.3883;81.2917;-0.0322
922;13.9256;81.2976;-0.0122
923;15.4634;81.3032;0.0012
924;17.0089;81.3108;0.0302
925;18.5694;81.3214;0.0454
926;20.1799;81.2836;0.0737
927;1.1431;79.9589;-0.0885
928;2.4988;79.8601;-0.0862
929;3.9807;79.8696;-0.0834
930;5.4977;79.8784;-0.0620
931;7.0237;79.8836;-0.0609
932;8.5565;79.8874;-0.0519
933;10.0913;79.8926;-0.0392
934;11.6262;79.8970;-0.0331
935;13.1630;79.8988;-0.0188
936;14.7025;79.9041;-0.0062
937;16.2337;79.9089;0.0205
938;17.7531;79.9170;0.0378
939;19.2317;79.9131;0.0462
940;20.5743;79.7929;0.0620
941;1.5349;78.4898;-0.0913
942;3.1664;78.4776;-0.0730
943;4.7240;78.4813;-0.0786
944;6.2622;78.4834;-0.0692
945;7.7953;78.4868;-0.0529
946;9.3312;78.4923;-0.0543
947;10.8644;78.4975;-0.0254
948;12.4018;78.4976;-0.0222
949;13.9393;78.5014;-0.0162
950;15.4777;78.5066;0.0025
951;17.0080;78.5114;0.0285
952;18.5375;78.5103;0.0500
953;20.0770;78.4730;0.0727
954;1.1124;77.0081;-0.0882
955;2.4899;77.1050;-0.0801
956;3.9824;77.0906;-0.0702
957;5.5058;77.0915;-0.0696
958;7.0356;77.0923;-0.0612
959;8.5706;77.0946;-0.0522
960;10.1042;77.0960;-0.0409
961;11.6395;77.1008;-0.0285
962;13.1771;77.1040;-0.0194
963;14.7160;77.1065;-0.0066
964;16.2473;77.1104;0.0189
965;17.7684;77.1129;0.0386
966;19.2635;77.1125;0.0551
967;20.7226;77.1125;0.0838
968;1.6532;75.7021;-0.0770
969;3.2065;75.6955;-0.0757
970;4.7410;75.6954;-0.0687
971;6.2746;75.6964;-0.0657
972;7.8071;75.6983;-0.0488
973;9.3425;75.6979;-0.0452
974;10.8783;75.7009;-0.0316
975;12.4168;75.7046;-0.0250
976;13.9526;75.7079;-0.0002
977;15.4915;75.7107;0.0105
978;17.0235;75.7138;0.0304
979;18.5465;75.7156;0.0548
980;20.0851;75.7579;0.0678
981;1.0171;74.4070;-0.0745
982;2.4696;74.2940;-0.0770
983;3.9847;74.3003;-0.0638
984;5.5124;74.2988;-0.0655
985;7.0467;74.3020;-0.0648
986;8.5801;74.3023;-0.0427
987;10.1174;74.3028;-0.0318
988;11.6532;74.3046;-0.0187
989;13.1914;74.3093;-0.0108
990;14.7280;74.3106;0.0057
991;16.2618;74.3096;0.0196
992;17.7758;74.3080;0.0461
993;19.2496;74.3219;0.0588
994;20.5847;74.4427;0.0894
995;1.6027;72.9100;-0.0778
996;3.1966;72.9060;-0.0723
997;4.7457;72.9065;-0.0712
998;6.2830;72.9058;-0.0620
999;7.8204;72.9066;-0.0588
1000;9.3565;72.9077;-0.0451
1001;10.8925;72.9059;-0.0241
1002;12.4307;72.9108;-0.0106
1003;13.9687;72.9131;0.0032
1004;15.5063;72.9118;0.0152
1005;17.0492;72.9098;0.0330
1006;18.5978;72.9095;0.0585
1007;20.1991;72.9591;0.0849
1008;1.0213;71.4122;-0.0698
1009;2.4755;71.5173;-0.0754
1010;3.9947;71.5135;-0.0678
1011;5.5252;71.5138;-0.0663
1012;7.0587;71.5118;-0.0538
1013;8.5946;71.5135;-0.0457
1014;10.1315;71.5105;-0.0332
1015;11.6677;71.5138;-0.0129
1016;13.2053;71.5141;-0.0050
1017;14.7429;71.5135;0.0132
1018;16.2785;71.5131;0.0316
1019;17.8046;71.5152;0.0478
1020;19.2964;71.5115;0.0762
1021;20.6301;71.5143;0.0973
1022;1.6655;70.1139;-0.0794
1023;3.2222;70.1185;-0.0592
1024;4.7641;70.1201;-0.0620
1025;6.2988;70.1194;-0.0687
1026;7.8328;70.1193;-0.0473
1027;9.3701;70.1176;-0.0450
1028;10.9065;70.1174;-0.0253
1029;12.4430;70.1163;-0.0170
1030;13.9795;70.1161;0.0053
1031;15.5185;70.1166;0.0259
1032;17.0597;70.1180;0.0424
1033;18.6079;70.1143;0.0685
1034;20.2040;70.0473;0.0951
1035;1.1268;68.8076;-0.0767
1036;2.5152;68.7073;-0.0590
1037;4.0150;68.7222;-0.0729
1038;5.5410;68.7231;-0.0657
1039;7.0733;68.7244;-0.0552
1040;8.6092;68.7233;-0.0557
1041;10.1430;68.7223;-0.0331
1042;11.6800;68.7199;-0.0190
1043;13.2172;68.7194;-0.0013
1044;14.7530;68.7216;0.0213
1045;16.2859;68.7192;0.0392
1046;17.7998;68.7180;0.0598
1047;19.2690;68.6935;0.0762
1048;20.5955;68.5367;0.1000
1049;1.5531;67.3288;-0.0651
1050;3.1986;67.3298;-0.0607
1051;4.7640;67.3306;-0.0668
1052;6.3068;67.3299;-0.0653
1053;7.8452;67.3305;-0.0488
1054;9.3822;67.3285;-0.0461
1055;10.9167;67.3258;-0.0219
1056;12.4552;67.3224;-0.0069
1057;13.9930;67.3198;0.0063
1058;15.5281;67.3208;0.0226
1059;17.0584;67.3180;0.0527
1060;18.5801;67.3053;0.0769
1061;20.1092;67.2331;0.1031
1062;1.1437;65.8507;-0.0718
1063;2.5240;65.9489;-0.0634
1064;4.0249;65.9421;-0.0598
1065;5.5509;65.9400;-0.0549
1066;7.0850;65.9364;-0.0440
1067;8.6214;65.9322;-0.0443
1068;10.1555;65.9303;-0.0309
1069;11.6920;65.9280;-0.0195
1070;13.2305;65.9263;-0.0052
1071;14.7688;65.9228;0.0183
1072;16.2995;65.9222;0.0449
1073;17.8152;65.9167;0.0661
1074;19.3015;65.8950;0.0884
1075;20.7488;65.8413;0.1139
1076;1.6790;64.5349;-0.0612
1077;3.2474;64.5516;-0.0547
1078;4.7878;64.5475;-0.0586
1079;6.3225;64.5434;-0.0497
1080;7.8574;64.5389;-0.0440
1081;9.3942;64.5376;-0.0335
1082;10.9305;64.5327;-0.0235
1083;12.4678;64.5307;-0.0105
1084;14.0061;64.5287;0.0110
1085;15.5425;64.5253;0.0398
1086;17.0734;64.5215;0.0610
1087;18.5926;64.5132;0.0813
1088;20.1248;64.5166;0.1060
1089;1.0258;63.2107;-0.0581
1090;2.5219;63.1676;-0.0648
1091;4.0378;63.1557;-0.0678
1092;5.5651;63.1481;-0.0471
1093;7.0977;63.1460;-0.0436
1094;8.6316;63.1428;-0.0370
1095;10.1705;63.1393;-0.0278
1096;11.7064;63.1350;-0.0212
1097;13.2430;63.1337;0.0036
1098;14.7795;63.1312;0.0286
1099;16.3121;63.1248;0.0533
1100;17.8250;63.1175;0.0705
1101;19.2952;63.1035;0.0956
1102;20.6252;63.1791;0.1136
1103;1.6909;61.8390;-0.0538
1104;3.2635;61.7703;-0.0681
1105;4.8017;61.7568;-0.0566
1106;6.3354;61.7533;-0.0494
1107;7.8685;61.7524;-0.0364
1108;9.4067;61.7481;-0.0351
1109;10.9444;61.7451;-0.0213
1110;12.4805;61.7398;-0.0004
1111;14.0200;61.7354;0.0171
1112;15.5583;61.7327;0.0354
1113;17.0977;61.7267;0.0570
1114;18.6438;61.7226;0.0821
1115;20.2527;61.7172;0.1155
1116;1.1838;60.5558;-0.0502
1117;2.5561;60.3907;-0.0573
1118;4.0507;60.3622;-0.0593
1119;5.5764;60.3573;-0.0482
1120;7.1099;60.3563;-0.0364
1121;8.6456;60.3537;-0.0392
1122;10.1830;60.3498;-0.0292
1123;11.7200;60.3466;-0.0087
1124;13.2571;60.3435;0.0097
1125;14.7950;60.3396;0.0315
1126;16.3271;60.3338;0.0537
1127;17.8406;60.3332;0.0769
1128;19.3180;60.3407;0.0954
1129;20.6686;60.2154;0.1260
1130;1.5888;59.0525;-0.0521
1131;3.2274;58.9750;-0.0570
1132;4.7951;58.9658;-0.0543
1133;6.3431;58.9638;-0.0445
1134;7.8831;58.9609;-0.0365
1135;9.4200;58.9559;-0.0310
1136;10.9593;58.9537;-0.0217
1137;12.4967;58.9484;-0.0080
1138;14.0330;58.9457;0.0199
1139;15.5697;58.9414;0.0406
1140;17.0987;58.9384;0.0691
1141;18.6185;58.9385;0.0827
1142;20.1403;58.9256;0.1056
1143;1.1358;57.5994;-0.0659
1144;2.5149;57.5856;-0.0604
1145;4.0407;57.5771;-0.0526
1146;5.5805;57.5708;-0.0483
1147;7.1202;57.5672;-0.0370
1148;8.6589;57.5623;-0.0315
1149;10.1979;57.5609;-0.0185
1150;11.7344;57.5557;-0.0092
1151;13.2720;57.5509;0.0066
1152;14.8071;57.5444;0.0319
1153;16.3420;57.5423;0.0464
1154;17.8542;57.5404;0.0734
1155;19.3328;57.5546;0.1038
1156;20.7708;57.6280;0.1295
1157;1.5864;56.1419;-0.0412
1158;3.2308;56.1892;-0.0457
1159;4.8072;56.1826;-0.0461
1160;6.3546;56.1749;-0.0386
1161;7.8948;56.1698;-0.0269
1162;9.4335;56.1637;-0.0248
1163;10.9708;56.1621;-0.0060
1164;12.5108;56.1578;-0.0006
1165;14.0469;56.1522;0.0225
1166;15.5849;56.1481;0.0431
1167;17.1129;56.1441;0.0659
1168;18.6265;56.1532;0.0911
1169;20.1449;56.2282;0.1181
1170;1.1790;54.6376;-0.0481
1171;2.5657;54.7800;-0.0466
1172;4.0706;54.7923;-0.0420
1173;5.6005;54.7861;-0.0452
1174;7.1377;54.7774;-0.0385
1175;8.6727;54.7711;-0.0281
1176;10.2117;54.7686;-0.0235
1177;11.7481;54.7623;0.0008
1178;13.2866;54.7583;0.0129
1179;14.8247;54.7546;0.0333
1180;16.3545;54.7476;0.0606
1181;17.8629;54.7436;0.0801
1182;19.3196;54.7708;0.1012
1183;20.6265;54.9284;0.1332
1184;1.7139;53.3389;-0.0540
1185;3.2928;53.3881;-0.0560
1186;4.8377;53.3921;-0.0435
1187;6.3780;53.3859;-0.0456
1188;7.9129;53.3815;-0.0339
1189;9.4506;53.3768;-0.0246
1190;10.9881;53.3698;-0.0117
1191;12.5251;53.3644;0.0062
1192;14.0638;53.3612;0.0269
1193;15.6010;53.3551;0.0537
1194;17.1391;53.3474;0.0741
1195;18.6749;53.3537;0.0973
1196;20.2505;53.4262;0.1233
1197;1.0492;51.9892;-0.0484
1198;2.5566;51.9918;-0.0469
1199;4.0849;51.9964;-0.0411
1200;5.6172;51.9947;-0.0359
1201;7.1553;51.9881;-0.0367
1202;8.6918;51.9842;-0.0280
1203;10.2274;51.9786;-0.0145
1204;11.7638;51.9722;-0.0023
1205;13.3038;51.9674;0.0195
1206;14.8420;51.9601;0.0324
1207;16.3756;51.9562;0.0557
1208;17.8928;51.9515;0.0869
1209;19.3676;51.9622;0.1126
1210;20.6795;51.9634;0.1274
1211;1.7215;50.6468;-0.0421
1212;3.3043;50.6062;-0.0380
1213;4.8525;50.6034;-0.0396
1214;6.3936;50.5973;-0.0388
1215;7.9330;50.5910;-0.0323
1216;9.4667;50.5845;-0.0224
1217;11.0041;50.5793;-0.0047
1218;12.5409;50.5753;0.0172
1219;14.0791;50.5679;0.0351
1220;15.6188;50.5625;0.0453
1221;17.1565;50.5567;0.0799
1222;18.6914;50.5576;0.1061
1223;20.2679;50.5241;0.1322
1224;1.1863;49.3499;-0.0326
1225;2.5853;49.2207;-0.0341
1226;4.1009;49.2134;-0.0363
1227;5.6352;49.2077;-0.0360
1228;7.1717;49.2005;-0.0348
1229;8.7068;49.1933;-0.0178
1230;10.2434;49.1872;-0.0062
1231;11.7825;49.1834;0.0100
1232;13.3180;49.1766;0.0245
1233;14.8557;49.1717;0.0470
1234;16.3854;49.1646;0.0602
1235;17.8900;49.1614;0.0872
1236;19.3430;49.1515;0.1103
1237;20.6546;49.0504;0.1369
1238;1.6106;47.8575;-0.0238
1239;3.2854;47.8429;-0.0331
1240;4.8609;47.8264;-0.0337
1241;6.4081;47.8127;-0.0362
1242;7.9483;47.8019;-0.0254
1243;9.4843;47.7952;-0.0175
1244;11.0207;47.7887;0.0073
1245;12.5588;47.7810;0.0085
1246;14.0948;47.7763;0.0401
1247;15.6308;47.7694;0.0524
1248;17.1535;47.7643;0.0831
1249;18.6638;47.7551;0.1043
1250;20.1775;47.7236;0.1220
1251;1.2380;46.3514;-0.0252
1252;2.6479;46.4910;-0.0268
1253;4.1460;46.4547;-0.0354
1254;5.6657;46.4305;-0.0329
1255;7.1919;46.4142;-0.0345
1256;8.7256;46.4078;-0.0187
1257;10.2612;46.3994;-0.0080
1258;11.7986;46.3891;0.0017
1259;13.3370;46.3830;0.0233
1260;14.8737;46.3750;0.0529
1261;16.4038;46.3673;0.0448
1262;17.9087;46.3652;0.0897
1263;19.3807;46.3642;0.1136
1264;20.8000;46.3782;0.1416
1265;0.9720;44.9349;-0.0329
1266;2.1581;45.0328;-0.0305
1267;3.4993;45.0632;-0.0214
1268;4.9490;45.0434;-0.0290
1269;6.4522;45.0259;-0.0245
1270;7.9699;45.0163;-0.0178
1271;9.5031;45.0059;-0.0074
1272;11.0378;44.9972;0.0033
1273;12.5745;44.9886;0.0167
1274;14.1168;44.9830;0.0277
1275;15.6521;44.9736;0.0430
1276;17.1739;44.9680;0.0720
1277;18.6795;44.9686;0.0992
1278;20.1869;45.0102;0.1263
1279;1.4269;43.6164;-0.0246
1280;2.8129;43.6436;-0.0228
1281;4.2348;43.6457;-0.0186
1282;5.7136;43.6338;-0.0286
1283;7.2204;43.6250;-0.0231
1284;8.7473;43.6144;-0.0186
1285;10.2820;43.6070;-0.0072
1286;11.8163;43.6006;0.0115
1287;13.3548;43.5914;0.0208
1288;14.8929;43.5837;0.0357
1289;16.4218;43.5749;0.0567
1290;17.9201;43.5661;0.0831
1291;19.3680;43.5804;0.1194
1292;20.6707;43.6978;0.1395
1293;0.8809;42.2929;-0.0190
1294;2.1694;42.2564;-0.0175
1295;3.5426;42.2416;-0.0259
1296;4.9844;42.2364;-0.0193
1297;6.4761;42.2322;-0.0151
1298;7.9935;42.2237;-0.0160
1299;9.5243;42.2171;-0.0105
1300;11.0592;42.2079;0.0104
1301;12.5942;42.2007;0.0212
1302;14.1340;42.1923;0.0380
1303;15.6702;42.1842;0.0653
1304;17.2048;42.1736;0.0741
1305;18.7323;42.1711;0.1111
1306;20.2989;42.2204;0.1333
1307;1.4366;40.9262;-0.0160
1308;2.8271;40.8575;-0.0191
1309;4.2588;40.8424;-0.0205
1310;5.7342;40.8386;-0.0209
1311;7.2424;40.8322;-0.0169
1312;8.7694;40.8238;-0.0110
1313;10.2998;40.8179;-0.0032
1314;11.8361;40.8092;0.0176
1315;13.3755;40.8025;0.0237
1316;14.9129;40.7936;0.0497
1317;16.4433;40.7876;0.0749
1318;17.9587;40.7778;0.0959
1319;19.4256;40.7743;0.1169
1320;20.7333;40.7875;0.1365
1321;1.0081;39.5976;-0.0206
1322;2.1911;39.4817;-0.0249
1323;3.5521;39.4493;-0.0187
1324;4.9999;39.4434;0.0025
1325;6.4937;39.4401;-0.0088
1326;8.0107;39.4330;-0.0008
1327;9.5433;39.4278;-0.0007
1328;11.0775;39.4204;0.0113
1329;12.6175;39.4101;0.0194
1330;14.1559;39.4019;0.0277
1331;15.6899;39.3955;0.0644
1332;17.2248;39.3889;0.0838
1333;18.7536;39.3792;0.1098
1334;20.3199;39.3236;0.1361
1335;1.3420;38.1294;-0.0137
1336;2.7892;38.0705;-0.0201
1337;4.2532;38.0549;-0.0042
1338;5.7471;38.0506;-0.0259
1339;7.2568;38.0437;-0.0097
1340;8.7848;38.0374;0.0033
1341;10.3206;38.0294;-0.0008
1342;11.8581;38.0216;0.0119
1343;13.3944;38.0117;0.0342
1344;14.9322;38.0053;0.0571
1345;16.4592;37.9974;0.0734
1346;17.9615;37.9893;0.1000
1347;19.4014;37.9637;0.1194
1348;20.6953;37.8271;0.1430
1349;0.9873;36.7045;-0.0175
1350;2.1707;36.6872;-0.0191
1351;3.5498;36.6730;-0.0197
1352;5.0104;36.6637;-0.0221
1353;6.5087;36.6572;-0.0052
1354;8.0296;36.6481;-0.0026
1355;9.5625;36.6395;0.0072
1356;11.0979;36.6304;0.0084
1357;12.6355;36.6212;0.0330
1358;14.1732;36.6133;0.0408
1359;15.7095;36.6046;0.0627
1360;17.2310;36.5935;0.0860
1361;18.7306;36.5763;0.1076
1362;20.2295;36.5135;0.1342
1363;1.3547;35.2651;-0.0137
1364;2.8017;35.2866;-0.0164
1365;4.2670;35.2766;-0.0111
1366;5.7596;35.2686;-0.0042
1367;7.2801;35.2612;-0.0094
1368;8.8069;35.2508;-0.0052
1369;10.3369;35.2402;0.0175
1370;11.8746;35.2310;0.0284
1371;13.4150;35.2224;0.0377
1372;14.9532;35.2129;0.0535
1373;16.4808;35.2025;0.0691
1374;17.9825;35.1904;0.0966
1375;19.4411;35.1731;0.1232
1376;20.8502;35.1308;0.1503
1377;1.0232;33.8075;-0.0082
1378;2.2126;33.8880;-0.0213
1379;3.5758;33.8895;-0.0084
1380;5.0283;33.8821;-0.0056
1381;6.5283;33.8712;-0.0056
1382;8.0486;33.8632;-0.0044
1383;9.5794;33.8504;0.0184
1384;11.1149;33.8431;0.0210
1385;12.6543;33.8339;0.0377
1386;14.1942;33.8233;0.0541
1387;15.7304;33.8123;0.0683
1388;17.2517;33.8010;0.0861
1389;18.7526;33.7911;0.0996
1390;20.2493;33.8022;0.1327
1391;1.4524;32.4657;-0.0045
1392;2.8558;32.4959;-0.0105
1393;4.2982;32.4927;-0.0103
1394;5.7806;32.4831;-0.0065
1395;7.2965;32.4764;-0.0007
1396;8.8212;32.4649;0.0065
1397;10.3575;32.4524;0.0178
1398;11.8953;32.4434;0.0251
1399;13.4349;32.4348;0.0371
1400;14.9742;32.4233;0.0548
1401;16.5018;32.4117;0.0745
1402;18.0031;32.4006;0.0979
1403;19.4399;32.3892;0.1203
1404;20.7333;32.4650;0.1506
1405;0.9066;31.0969;-0.0057
1406;2.2049;31.1101;-0.0133
1407;3.5912;31.1043;-0.0118
1408;5.0475;31.0975;-0.0089
1409;6.5438;31.0884;-0.0028
1410;8.0669;31.0793;0.0004
1411;9.5978;31.0670;0.0176
1412;11.1374;31.0564;0.0249
1413;12.6785;31.0468;0.0315
1414;14.2174;31.0360;0.0483
1415;15.7531;31.0237;0.0771
1416;17.2846;31.0106;0.0911
1417;18.8141;30.9995;0.1149
1418;20.3699;31.0126;0.1428
1419;1.4619;29.7572;0.0012
1420;2.8695;29.7182;0.0036
1421;4.3118;29.7077;-0.0117
1422;5.7944;29.6996;-0.0059
1423;7.3100;29.6907;0.0047
1424;8.8394;29.6794;0.0052
1425;10.3737;29.6670;0.0295
1426;11.9141;29.6562;0.0379
1427;13.4554;29.6475;0.0513
1428;14.9934;29.6362;0.0690
1429;16.5242;29.6268;0.0909
1430;18.0357;29.6158;0.1050
1431;19.4906;29.5951;0.1294
1432;20.7749;29.5698;0.1514
1433;1.0302;28.4155;-0.0039
1434;2.2330;28.3375;-0.0050
1435;3.6046;28.3201;-0.0102
1436;5.0630;28.3150;-0.0103
1437;6.5589;28.3063;0.0017
1438;8.0824;28.2960;0.0099
1439;9.6142;28.2826;0.0154
1440;11.1525;28.2722;0.0322
1441;12.6948;28.2615;0.0453
1442;14.2358;28.2482;0.0552
1443;15.7743;28.2376;0.0726
1444;17.3018;28.2291;0.0936
1445;18.8238;28.2156;0.1179
1446;20.3674;28.1276;0.1503
1447;1.3802;26.9717;-0.0023
1448;2.8412;26.9376;-0.0020
1449;4.3100;26.9265;0.0030
1450;5.8075;26.9177;0.0050
1451;7.3255;26.9088;0.0072
1452;8.8569;26.8967;0.0088
1453;10.3924;26.8858;0.0237
1454;11.9333;26.8732;0.0341
1455;13.4756;26.8611;0.0494
1456;15.0158;26.8482;0.0643
1457;16.5411;26.8382;0.0835
1458;18.0326;26.8326;0.1064
1459;19.4545;26.8155;0.1287
1460;20.7419;26.6264;0.1628
1461;1.0104;25.5608;0.0110
1462;2.2160;25.5480;0.0067
1463;3.6078;25.5437;-0.0018
1464;5.0700;25.5356;0.0175
1465;6.5754;25.5239;0.0029
1466;8.0997;25.5116;0.0022
1467;9.6329;25.5004;0.0204
1468;11.1730;25.4883;0.0227
1469;12.7151;25.4767;0.0412
1470;14.2569;25.4630;0.0555
1471;15.7930;25.4475;0.0698
1472;17.3054;25.4347;0.0921
1473;18.7844;25.4242;0.1136
1474;20.2340;25.4121;0.1426
1475;1.4083;24.1131;0.0148
1476;2.8707;24.1627;-0.0009
1477;4.3368;24.1518;-0.0057
1478;5.8300;24.1396;0.0049
1479;7.3470;24.1263;0.0103
1480;8.8761;24.1171;0.0035
1481;10.4133;24.1050;0.0243
1482;11.9547;24.0911;0.0206
1483;13.4947;24.0785;0.0504
1484;15.0348;24.0634;0.0587
1485;16.5580;24.0480;0.0907
1486;18.0504;24.0274;0.1054
1487;19.4662;24.0253;0.1382
1488;20.7540;24.2034;0.1604
1489;1.0768;22.6337;0.0166
1490;2.2941;22.7738;0.0012
1491;3.6554;22.7652;-0.0063
1492;5.1063;22.7538;-0.0016
1493;6.6022;22.7414;-0.0029
1494;8.1230;22.7330;0.0077
1495;9.6536;22.7191;0.0170
1496;11.1922;22.7061;0.0252
1497;12.7319;22.6929;0.0422
1498;14.2757;22.6782;0.0544
1499;15.8140;22.6620;0.0687
1500;17.3403;22.6422;0.0903
1501;18.8563;22.6317;0.1190
1502;20.3987;22.7066;0.1419
1503;1.5637;21.3934;0.0082
1504;2.9510;21.3753;-0.0057
1505;4.3801;21.3651;0.0051
1506;5.8614;21.3583;0.0016
1507;7.3712;21.3455;0.0072
1508;8.8953;21.3344;0.0133
1509;10.4314;21.3217;0.0236
1510;11.9730;21.3075;0.0293
1511;13.5139;21.2955;0.0467
1512;15.0549;21.2817;0.0652
1513;16.5845;21.2626;0.0884
1514;18.0922;21.2465;0.1042
1515;19.5462;21.2536;0.1265
1516;20.8205;21.2628;0.1519
1517;1.0925;20.1753;0.0145
1518;2.3188;19.9929;0.0018
1519;3.6797;19.9708;0.0091
1520;5.1281;19.9634;0.0044
1521;6.6226;19.9567;-0.0025
1522;8.1436;19.9465;0.0115
1523;9.6746;19.9367;0.0174
1524;11.2134;19.9229;0.0240
1525;12.7528;19.9104;0.0373
1526;14.2954;19.8936;0.0511
1527;15.8335;19.8805;0.0762
1528;17.3653;19.8654;0.0973
1529;18.8907;19.8568;0.1188
1530;20.4354;19.8293;0.1512
1531;1.4456;18.6891;0.0100
1532;2.9173;18.5927;0.0142
1533;4.3827;18.5775;0.0059
1534;5.8758;18.5702;0.0102
1535;7.3894;18.5618;0.0106
1536;8.9192;18.5502;0.0146
1537;10.4529;18.5385;0.0286
1538;11.9932;18.5242;0.0307
1539;13.5347;18.5111;0.0413
1540;15.0731;18.4960;0.0654
1541;16.6017;18.4811;0.0892
1542;18.1000;18.4704;0.1062
1543;19.5291;18.4590;0.1259
1544;20.8059;18.3759;0.1498
1545;1.0590;17.2520;0.0206
1546;2.2719;17.2231;0.0120
1547;3.6709;17.1904;-0.0018
1548;5.1380;17.1810;0.0038
1549;6.6422;17.1746;0.0063
1550;8.1659;17.1648;0.0117
1551;9.6963;17.1519;0.0218
1552;11.2355;17.1386;0.0218
1553;12.7764;17.1258;0.0334
1554;14.3141;17.1107;0.0572
1555;15.8497;17.0950;0.0766
1556;17.3708;17.0796;0.0941
1557;18.8614;17.0659;0.1192
1558;20.3429;17.0379;0.1341
1559;1.4413;15.8260;0.0282
1560;2.9167;15.8186;0.0162
1561;4.3939;15.8010;0.0107
1562;5.8937;15.7887;0.0163
1563;7.4109;15.7788;0.0163
1564;8.9427;15.7658;0.0123
1565;10.4767;15.7523;0.0268
1566;12.0156;15.7385;0.0351
1567;13.5565;15.7250;0.0439
1568;15.0923;15.7093;0.0648
1569;16.6195;15.6920;0.0830
1570;18.1173;15.6783;0.0975
1571;19.5599;15.6751;0.1300
1572;20.9397;15.6997;0.1411
1573;1.0999;14.3923;0.0207
1574;2.3183;14.4306;0.0160
1575;3.7023;14.4180;0.0182
1576;5.1653;14.4054;0.0062
1577;6.6663;14.3939;0.0165
1578;8.1895;14.3831;0.0167
1579;9.7208;14.3657;0.0141
1580;11.2565;14.3554;0.0370
1581;12.7964;14.3398;0.0376
1582;14.3360;14.3224;0.0598
1583;15.8691;14.3050;0.0726
1584;17.3862;14.2876;0.0912
1585;18.8737;14.2803;0.1041
1586;20.3513;14.3226;0.1222
1587;1.5513;13.0403;0.0224
1588;2.9804;13.0294;0.0073
1589;4.4345;13.0165;0.0157
1590;5.9242;13.0048;0.0144
1591;7.4379;12.9947;0.0201
1592;8.9652;12.9826;0.0201
1593;10.5013;12.9690;0.0296
1594;12.0387;12.9541;0.0309
1595;13.5769;12.9372;0.0442
1596;15.1112;12.9183;0.0638
1597;16.6395;12.8979;0.0806
1598;18.1254;12.8839;0.1014
1599;19.5470;12.8914;0.1123
1600;20.8161;13.0077;0.1283
1601;0.9957;11.7232;0.0385
1602;2.3242;11.6583;0.0138
1603;3.7267;11.6312;0.0130
1604;5.1906;11.6193;0.0156
1605;6.6941;11.6072;0.0164
1606;8.2150;11.5944;0.0217
1607;9.7451;11.5817;0.0184
1608;11.2821;11.5683;0.0278
1609;12.8199;11.5539;0.0327
1610;14.3566;11.5369;0.0549
1611;15.8906;11.5167;0.0712
1612;17.4166;11.4970;0.0923
1613;18.9276;11.4874;0.1080
1614;20.4573;11.5359;0.1281
1615;1.5775;10.3359;0.0308
1616;3.0054;10.2573;0.0100
1617;4.4598;10.2317;0.0199
1618;5.9485;10.2198;0.0179
1619;7.4653;10.2068;0.0132
1620;8.9916;10.1954;0.0243
1621;10.5232;10.1805;0.0283
1622;12.0613;10.1669;0.0416
1623;13.5987;10.1510;0.0457
1624;15.1352;10.1300;0.0659
1625;16.6643;10.1117;0.0768
1626;18.1672;10.0969;0.0891
1627;19.6155;10.0916;0.1067
1628;20.8952;10.1204;0.1260
1629;1.1437;9.0279;0.0244
1630;2.3651;8.8907;0.0329
1631;3.7526;8.8481;0.0212
1632;5.2151;8.8366;0.0225
1633;6.7195;8.8245;0.0179
1634;8.2404;8.8100;0.0206
1635;9.7693;8.7951;0.0272
1636;11.3028;8.7806;0.0389
1637;12.8415;8.7653;0.0484
1638;14.3797;8.7495;0.0581
1639;15.9160;8.7309;0.0625
1640;17.4445;8.7174;0.0789
1641;18.9602;8.7040;0.0918
1642;20.4965;8.6616;0.1142
1643;1.4952;7.5569;0.0333
1644;2.9798;7.4778;0.0311
1645;4.4672;7.4566;0.0300
1646;5.9687;7.4421;0.0204
1647;7.4864;7.4292;0.0260
1648;9.0133;7.4144;0.0307
1649;10.5465;7.3981;0.0252
1650;12.0869;7.3846;0.0310
1651;13.6251;7.3716;0.0434
1652;15.1594;7.3545;0.0657
1653;16.6864;7.3429;0.0693
1654;18.1792;7.3299;0.0840
1655;19.5995;7.3076;0.0980
1656;20.8610;7.1880;0.1142
1657;1.0924;6.1477;0.0281
1658;2.3332;6.1132;0.0299
1659;3.7494;6.0891;0.0248
1660;5.2261;6.0733;0.0195
1661;6.7372;6.0608;0.0271
1662;8.2619;6.0463;0.0208
1663;9.7901;6.0301;0.0344
1664;11.3285;6.0182;0.0289
1665;12.8645;6.0036;0.0545
1666;14.4042;5.9889;0.0540
1667;15.9398;5.9761;0.0674
1668;17.4588;5.9614;0.0768
1669;18.9475;5.9432;0.0871
1670;20.4200;5.8855;0.1060
1671;1.4912;4.7201;0.0342
1672;2.9840;4.7385;0.0367
1673;4.4760;4.7222;0.0260
1674;5.9818;4.7134;0.0281
1675;7.5055;4.6961;0.0217
1676;9.0322;4.6840;0.0401
1677;10.5701;4.6738;0.0418
1678;12.1112;4.6572;0.0297
1679;13.6485;4.6473;0.0528
1680;15.1858;4.6389;0.0607
1681;16.7139;4.6256;0.0716
1682;18.2141;4.6120;0.0746
1683;19.6579;4.5970;0.0897
1684;21.0470;4.5438;0.1061
1685;1.1428;3.2786;0.0415
1686;2.3658;3.3897;0.0268
1687;3.7638;3.3950;0.0296
1688;5.2368;3.3858;0.0356
1689;6.7517;3.3754;0.0300
1690;8.2761;3.3645;0.0331
1691;9.8111;3.3522;0.0394
1692;11.3482;3.3436;0.0545
1693;12.8928;3.3350;0.0519
1694;14.4354;3.3308;0.0560
1695;15.9753;3.3233;0.0633
1696;17.4929;3.3160;0.0712
1697;18.9868;3.3102;0.0808
1698;20.4635;3.3257;0.0964
1699;1.5483;2.0190;0.0403
1700;2.9977;2.0708;0.0342
1701;4.4828;2.0765;0.0313
1702;5.9940;2.0718;0.0275
1703;7.5228;2.0647;0.0339
1704;9.0577;2.0611;0.0373
1705;10.5953;2.0584;0.0617
1706;12.1427;2.0516;0.0469
1707;13.6859;2.0520;0.0626
1708;15.2296;2.0543;0.0582
1709;16.7676;2.0519;0.0644
1710;18.2743;2.0492;0.0779
1711;19.7224;2.0480;0.0828
1712;20.9969;2.1159;0.0902
