# Units: length:mm angle:deg time:s force:N 
# Stage: Stufe 330
stage;index;relative_time;date
"Stufe 330";330;182.7726;"2024-02-28T14:51:30.100"
# Name : Analogeingang 0
force;untransformed;transformed
3372.0207;3.3720;3372.0207
# Name : Flächenkomponente 3
id;x;y;z
0;9.4262;16.2163;0.0343
1;9.7022;16.2398;0.0161
2;9.9758;16.2310;-0.0018
3;10.2536;16.2307;-0.0320
4;10.5299;16.2301;-0.0606
5;10.8039;16.2318;-0.0810
6;11.0800;16.2279;-0.1014
7;11.3412;16.2102;-0.0621
8;11.3414;15.9393;-0.0140
11;11.3245;15.1212;0.0441
12;11.3188;14.8510;0.0721
14;11.3245;14.3080;0.0498
15;11.3243;14.0334;0.0522
16;11.3261;13.7683;0.0439
17;11.3268;13.4966;0.0412
75;11.0585;-1.9986;0.0431
76;10.7929;-1.9976;-0.0639
77;10.5210;-1.9961;-0.0920
78;10.2441;-1.9925;-0.0907
79;9.9637;-1.9865;-0.0769
80;9.6863;-1.9783;-0.0602
81;9.4079;-1.9670;-0.0459
82;9.1306;-1.9523;-0.0240
83;8.8531;-1.9276;-0.0164
84;8.6525;-1.7436;-0.0123
85;8.4610;-1.5338;-0.0030
86;8.2704;-1.3168;0.0072
87;8.0740;-1.1086;0.0230
88;7.8777;-0.8867;0.0388
89;7.6815;-0.6522;0.0385
90;7.4832;-0.4271;0.0534
91;7.2864;-0.2013;0.0615
92;7.0473;0.0415;0.0846
93;6.8586;0.2716;0.0878
94;6.6801;0.4947;0.0920
95;6.5015;0.7168;0.0990
96;6.3153;0.9457;0.1111
97;6.1422;1.1831;0.1469
99;5.7099;1.6867;0.1581
100;5.4958;1.8846;0.1753
101;5.2423;2.0316;0.2085
102;4.9699;2.1450;0.2452
103;4.7133;2.1781;0.2528
104;4.4618;2.1579;0.2674
105;4.2285;2.0736;0.2977
106;4.0308;1.9349;0.3045
107;3.8472;1.7986;0.3140
108;3.6591;1.6678;0.3261
109;3.4626;1.5266;0.3345
110;3.2646;1.3770;0.3451
111;3.0672;1.2257;0.3529
112;2.8692;1.0752;0.3591
113;2.6695;0.9238;0.3663
114;2.4696;0.7745;0.3767
115;2.2692;0.6275;0.3882
116;2.0731;0.4753;0.3985
117;1.8779;0.3183;0.4127
118;1.6855;0.1601;0.4298
119;1.4885;0.0138;0.4546
120;1.2898;-0.1151;0.4802
121;1.0593;-0.2066;0.4743
122;0.7870;-0.2252;0.4672
123;0.5152;-0.2417;0.4711
124;0.2420;-0.2587;0.4802
125;0.1124;-0.1115;0.4836
126;0.1133;0.1559;0.4891
127;0.1147;0.4258;0.4880
128;0.1148;0.6929;0.4824
129;0.1151;0.9595;0.4860
130;0.1174;1.2273;0.4843
131;0.1199;1.4965;0.4830
132;0.1230;1.7647;0.4786
133;0.1235;2.0332;0.4777
134;0.1257;2.3027;0.4726
135;0.1283;2.5712;0.4727
136;0.1338;2.8394;0.4634
137;0.1382;3.1082;0.4587
138;0.1416;3.3769;0.4582
139;0.1450;3.6456;0.4572
140;0.1470;3.9154;0.4574
141;0.1520;4.1842;0.4528
142;0.1551;4.4525;0.4501
143;0.1577;4.7221;0.4469
144;0.1593;4.9903;0.4419
145;0.1592;5.2602;0.4433
146;0.1621;5.5290;0.4404
147;0.1653;5.7991;0.4423
148;0.1688;6.0675;0.4386
149;0.1695;6.3364;0.4376
150;0.1699;6.6059;0.4345
151;0.1719;6.8753;0.4331
152;0.1745;7.1444;0.4344
153;0.1769;7.4134;0.4345
154;0.1777;7.6828;0.4354
155;0.1782;7.9525;0.4327
156;0.1794;8.2213;0.4355
157;0.1811;8.4923;0.4471
158;0.1827;8.7631;0.4566
159;0.1840;9.0319;0.4570
160;0.1827;9.3015;0.4588
161;0.1872;9.5705;0.4409
162;0.1910;9.8398;0.4340
163;0.1950;10.1085;0.4267
164;0.1967;10.3790;0.4281
165;0.1990;10.6480;0.4205
166;0.1998;10.9169;0.4216
167;0.2016;11.1871;0.4216
168;0.2044;11.4573;0.4165
169;0.2053;11.7258;0.4264
170;0.2086;11.9963;0.4170
171;0.2092;12.2661;0.4116
172;0.2102;12.5360;0.4170
173;0.2135;12.8059;0.4204
174;0.2168;13.0752;0.4210
175;0.2199;13.3449;0.4135
176;0.2209;13.6147;0.4144
177;0.2233;13.8850;0.4122
178;0.2269;14.1547;0.4226
179;0.2331;14.4249;0.4146
180;0.2372;14.6939;0.4152
181;0.2389;14.9629;0.3999
182;0.2359;15.2326;0.4048
183;0.2379;15.5015;0.4115
184;0.2372;15.7720;0.4258
185;0.2387;16.0423;0.4216
186;0.2413;16.3132;0.4206
187;0.2431;16.5818;0.4138
188;0.2455;16.8516;0.4123
189;0.2497;17.1210;0.4096
190;0.2550;17.3908;0.4056
191;0.2617;17.6607;0.4019
192;0.3301;17.8909;0.3973
193;0.6058;17.8829;0.3849
194;0.8808;17.8731;0.3788
195;1.1566;17.8606;0.3595
196;1.4147;17.7972;0.3537
197;1.6165;17.6101;0.3509
198;1.8072;17.4029;0.3257
199;1.9973;17.1933;0.3183
200;2.1885;16.9800;0.3100
201;2.3806;16.7638;0.3025
202;2.5734;16.5445;0.2940
203;2.7694;16.3242;0.2847
204;2.9618;16.1036;0.2736
205;3.1502;15.8824;0.2650
206;3.3384;15.6662;0.2581
207;3.5314;15.4441;0.2517
208;3.7249;15.1949;0.2338
209;3.9134;14.9709;0.2314
210;4.1031;14.7371;0.2366
211;4.3014;14.4779;0.2280
212;4.5111;14.2154;0.2054
213;4.7279;14.0037;0.1984
214;4.9709;13.8511;0.1927
215;5.2289;13.7585;0.1891
216;5.4909;13.7157;0.1767
217;5.7453;13.7383;0.1667
218;6.0017;13.7696;0.1594
219;6.2241;13.8684;0.1624
220;6.4163;13.9973;0.1581
221;6.6095;14.1337;0.1407
222;6.8074;14.2811;0.1205
223;7.0040;14.4280;0.1009
224;7.2020;14.5739;0.0849
225;7.4012;14.7237;0.0708
226;7.6033;14.8717;0.0592
227;7.7985;15.0236;0.0468
228;7.9940;15.1781;0.0331
229;8.1942;15.3314;0.0222
230;8.3958;15.4876;0.0204
231;8.6013;15.6457;0.0044
232;8.8073;15.8021;-0.0052
233;9.0133;15.9556;-0.0062
234;9.2172;16.0952;0.0024
235;9.5086;16.0481;-0.0168
236;9.7858;16.0441;-0.0311
237;10.0615;16.0323;-0.0406
238;10.3386;16.0233;-0.0527
239;10.6130;16.0186;-0.0801
240;10.8786;16.0148;-0.0941
241;11.1305;16.0109;-0.0981
242;0.4799;17.7103;0.3884
243;0.7100;17.6726;0.3772
244;0.9598;17.6583;0.3689
245;1.1957;17.6297;0.3743
246;1.4075;17.5732;0.3729
247;9.3214;15.8748;-0.0244
248;9.6110;15.8418;-0.0399
249;9.8896;15.8282;-0.0525
250;10.1628;15.8140;-0.0426
251;10.4405;15.8035;-0.0762
252;10.7084;15.7928;-0.0937
253;10.9604;15.7818;-0.1029
254;11.1721;15.7771;-0.0820
255;0.5189;17.4816;0.3884
256;0.7895;17.4506;0.3761
257;1.0458;17.4241;0.3713
258;1.2955;17.3826;0.3625
259;1.5590;17.3685;0.3441
260;8.9895;15.7042;-0.0146
261;9.2001;15.6820;-0.0245
262;9.4605;15.6372;-0.0374
263;9.7339;15.6151;-0.0495
264;10.0083;15.6000;-0.0558
265;10.2844;15.5863;-0.0745
266;10.5591;15.5728;-0.0890
267;10.8312;15.5586;-0.1003
268;11.1031;15.5412;-0.0876
269;0.4360;17.2595;0.3930
270;0.6577;17.2388;0.3824
271;0.9090;17.2153;0.3749
272;1.1683;17.1849;0.3591
273;1.4399;17.1598;0.3456
274;1.7197;17.1563;0.3321
275;8.8117;15.5232;-0.0107
276;9.0612;15.4571;-0.0222
277;9.3157;15.4238;-0.0313
278;9.5845;15.3978;-0.0462
279;9.8587;15.3799;-0.0555
280;10.1349;15.3650;-0.0714
281;10.4097;15.3512;-0.0837
282;10.6787;15.3360;-0.0952
283;10.9343;15.3223;-0.0916
284;11.1596;15.2887;-0.0585
285;0.5005;17.0136;0.3939
286;0.7680;17.0019;0.3790
287;1.0317;16.9770;0.3670
288;1.3006;16.9525;0.3536
289;1.5769;16.9344;0.3394
290;1.8492;16.9271;0.3262
291;2.0837;16.8458;0.3152
292;8.4006;15.2683;0.0089
293;8.6253;15.3349;-0.0043
294;8.8955;15.2627;-0.0151
295;9.1668;15.2082;-0.0293
296;9.4368;15.1784;-0.0405
297;9.7110;15.1584;-0.0541
298;9.9872;15.1415;-0.0663
299;10.2631;15.1271;-0.0766
300;10.5361;15.1120;-0.0902
301;10.8051;15.0958;-0.0955
302;11.0645;15.0783;-0.0694
303;0.4352;16.7714;0.3994
304;0.6558;16.7818;0.3895
305;0.9017;16.7605;0.3738
306;1.1630;16.7377;0.3604
307;1.4331;16.7164;0.3470
308;1.7056;16.6961;0.3343
309;1.9672;16.6495;0.3218
310;2.2491;16.5968;0.3092
311;8.2405;15.0898;0.0169
312;8.5076;15.0656;0.0007
313;8.7527;15.0587;-0.0098
314;9.0202;15.0057;-0.0234
315;9.2926;14.9616;-0.0360
316;9.5657;14.9368;-0.0491
317;9.8421;14.9179;-0.0630
318;10.1180;14.9015;-0.0726
319;10.3928;14.8866;-0.0857
320;10.6642;14.8715;-0.0981
321;10.9248;14.8577;-0.0996
322;11.1645;14.8562;-0.0423
323;0.5201;16.5594;0.3919
324;0.7693;16.5389;0.3807
325;1.0263;16.5174;0.3684
326;1.2918;16.4963;0.3551
327;1.5628;16.4731;0.3399
328;1.8297;16.4393;0.3277
329;2.0975;16.3997;0.3156
330;2.3574;16.3621;0.3044
331;2.5700;16.2979;0.2943
332;8.0689;14.9170;0.0269
333;8.3462;14.8598;0.0101
334;8.6169;14.8288;-0.0052
335;8.8808;14.7983;-0.0176
336;9.1517;14.7507;-0.0292
337;9.4250;14.7168;-0.0412
338;9.6999;14.6947;-0.0579
339;9.9757;14.6769;-0.0695
340;10.2520;14.6608;-0.0820
341;10.5268;14.6453;-0.0945
342;10.7981;14.6315;-0.1051
343;11.0634;14.6285;-0.0892
344;0.4327;16.3617;0.3996
345;0.6511;16.3161;0.3862
346;0.8949;16.2944;0.3745
347;1.1543;16.2740;0.3628
348;1.4221;16.2514;0.3484
349;1.6926;16.2228;0.3340
350;1.9626;16.1867;0.3214
351;2.2279;16.1456;0.3097
352;2.4793;16.0904;0.2990
353;2.7330;16.0637;0.2876
354;7.6911;14.7126;0.0481
355;7.9234;14.7270;0.0344
356;8.1912;14.6637;0.0187
357;8.4659;14.6181;0.0035
358;8.7388;14.5826;-0.0109
359;9.0108;14.5430;-0.0233
360;9.2840;14.5005;-0.0350
361;9.5582;14.4730;-0.0495
362;9.8334;14.4524;-0.0628
363;10.1094;14.4348;-0.0764
364;10.3845;14.4187;-0.0871
365;10.6560;14.4032;-0.0996
366;10.9167;14.3922;-0.1039
367;11.1430;14.4066;-0.0622
368;0.4898;16.1089;0.3944
369;0.7512;16.0739;0.3808
370;1.0127;16.0521;0.3698
371;1.2793;16.0302;0.3574
372;1.5496;16.0049;0.3432
373;1.8212;15.9733;0.3282
374;2.0909;15.9340;0.3153
375;2.3569;15.8859;0.3040
376;2.6271;15.8435;0.2925
377;2.8998;15.8201;0.2800
378;3.1131;15.6807;0.2701
379;7.5131;14.5216;0.0592
380;7.7888;14.4901;0.0393
381;8.0469;14.4607;0.0261
382;8.3175;14.4111;0.0109
383;8.5914;14.3702;-0.0035
384;8.8661;14.3316;-0.0164
385;9.1390;14.2872;-0.0280
386;9.4137;14.2521;-0.0428
387;9.6889;14.2282;-0.0555
388;9.9657;14.2100;-0.0710
389;10.2414;14.1928;-0.0821
390;10.5183;14.1767;-0.0949
391;10.7954;14.1614;-0.1037
392;11.0754;14.1582;-0.0777
393;0.4157;15.8703;0.3982
394;0.6302;15.8530;0.3879
395;0.8777;15.8290;0.3770
396;1.1395;15.8075;0.3702
397;1.4075;15.7837;0.3548
398;1.6788;15.7562;0.3364
399;1.9520;15.7221;0.3215
400;2.2223;15.6779;0.3095
401;2.4915;15.6341;0.2986
402;2.7591;15.5959;0.2861
403;3.0021;15.5198;0.2770
404;3.2693;15.4495;0.2626
405;7.1875;14.3377;0.0823
406;7.3947;14.3277;0.0661
407;7.6492;14.2835;0.0498
408;7.9101;14.2451;0.0333
409;8.1746;14.2015;0.0180
410;8.4461;14.1588;0.0032
411;8.7197;14.1185;-0.0101
412;8.9940;14.0761;-0.0227
413;9.2679;14.0345;-0.0362
414;9.5437;14.0057;-0.0498
415;9.8202;13.9848;-0.0645
416;10.0967;13.9676;-0.0767
417;10.3738;13.9510;-0.0900
418;10.6484;13.9353;-0.1009
419;10.9125;13.9193;-0.0917
420;11.1441;13.9072;-0.0508
421;0.4786;15.6267;0.3967
422;0.7375;15.6060;0.3843
423;1.0001;15.5845;0.3750
424;1.2680;15.5618;0.3653
425;1.5400;15.5360;0.3446
426;1.8128;15.5048;0.3285
427;2.0856;15.4663;0.3141
428;2.3580;15.4235;0.3014
429;2.6281;15.3796;0.2891
430;2.8896;15.3216;0.2786
431;3.1585;15.2596;0.2654
432;3.4387;15.2096;0.2500
433;7.0170;14.1684;0.0967
434;7.2592;14.1049;0.0747
435;7.5066;14.0757;0.0596
436;7.7674;14.0347;0.0422
437;8.0334;13.9903;0.0263
438;8.3021;13.9461;0.0117
439;8.5747;13.9053;-0.0043
440;8.8484;13.8641;-0.0173
441;9.1220;13.8206;-0.0294
442;9.3983;13.7854;-0.0448
443;9.6745;13.7612;-0.0565
444;9.9515;13.7425;-0.0714
445;10.2291;13.7252;-0.0836
446;10.5074;13.7087;-0.0955
447;10.7888;13.6928;-0.1066
448;11.0752;13.6692;-0.0835
449;0.4100;15.3893;0.3985
450;0.6214;15.3757;0.3885
451;0.8662;15.3594;0.3767
452;1.1279;15.3392;0.3653
453;1.3967;15.3157;0.3511
454;1.6684;15.2881;0.3356
455;1.9416;15.2539;0.3203
456;2.2147;15.2131;0.3063
457;2.4852;15.1700;0.2936
458;2.7551;15.1205;0.2828
459;3.0247;15.0654;0.2694
460;3.2987;15.0112;0.2562
461;3.5723;14.9652;0.2416
462;3.8086;14.8509;0.2344
463;6.8374;13.9995;0.1098
464;7.0963;13.9176;0.0877
465;7.3612;13.8643;0.0682
466;7.6246;13.8251;0.0517
467;7.8929;13.7820;0.0351
468;8.1613;13.7323;0.0190
469;8.4320;13.6909;0.0038
470;8.7045;13.6503;-0.0102
471;8.9789;13.6087;-0.0224
472;9.2546;13.5680;-0.0372
473;9.5305;13.5391;-0.0510
474;9.8076;13.5175;-0.0651
475;10.0841;13.4994;-0.0786
476;10.3610;13.4828;-0.0905
477;10.6353;13.4670;-0.0984
478;10.9030;13.4487;-0.1040
479;11.1392;13.4144;-0.0590
480;0.4653;15.1422;0.3950
481;0.7205;15.1302;0.3827
482;0.9857;15.1147;0.3693
483;1.2555;15.0941;0.3570
484;1.5261;15.0686;0.3545
485;1.8000;15.0387;0.3324
486;2.0746;15.0011;0.3137
487;2.3475;14.9581;0.2991
488;2.6194;14.9133;0.2865
489;2.8917;14.8620;0.2759
490;3.1653;14.8103;0.2602
491;3.4365;14.7559;0.2473
492;3.6963;14.6765;0.2384
493;3.9750;14.5821;0.2311
494;6.4454;13.7806;0.1369
495;6.6643;13.8233;0.1232
496;6.9390;13.7341;0.0986
497;7.2139;13.6664;0.0776
498;7.4856;13.6155;0.0602
499;7.7553;13.5711;0.0437
500;8.0237;13.5224;0.0271
501;8.2948;13.4771;0.0121
502;8.5661;13.4360;-0.0049
503;8.8381;13.3952;-0.0164
504;9.1128;13.3529;-0.0288
505;9.3887;13.3186;-0.0438
506;9.6648;13.2938;-0.0584
507;9.9415;13.2741;-0.0714
508;10.2178;13.2563;-0.0840
509;10.4939;13.2393;-0.0904
510;10.7711;13.2217;-0.0991
511;11.0483;13.1983;-0.0860
512;0.5509;14.9093;0.3905
513;0.8390;14.8921;0.3754
514;1.1169;14.8716;0.3606
515;1.3913;14.8480;0.3504
516;1.6641;14.8209;0.3479
517;1.9388;14.7864;0.3262
518;2.2141;14.7463;0.3067
519;2.4863;14.7026;0.2938
520;2.7582;14.6564;0.2845
521;3.0304;14.6057;0.2688
522;3.3022;14.5521;0.2535
523;3.5684;14.4887;0.2402
524;3.8358;14.4106;0.2315
525;4.0969;14.3312;0.2200
526;4.3206;14.2269;0.2100
527;6.2721;13.6353;0.1365
528;6.5476;13.5707;0.1204
529;6.7973;13.5376;0.1031
530;7.0647;13.4708;0.0842
531;7.3360;13.4126;0.0674
532;7.6074;13.3612;0.0496
533;7.8792;13.3126;0.0326
534;8.1508;13.2641;0.0169
535;8.4229;13.2214;0.0015
536;8.6961;13.1813;-0.0112
537;8.9693;13.1400;-0.0242
538;9.2445;13.0995;-0.0359
539;9.5210;13.0711;-0.0519
540;9.7970;13.0489;-0.0642
541;10.0735;13.0302;-0.0776
542;10.3493;13.0134;-0.0871
543;10.6263;12.9961;-0.0984
544;10.9001;12.9787;-0.1065
545;11.1574;12.9647;-0.0523
546;0.4299;14.6879;0.3967
547;0.7004;14.6730;0.3832
548;0.9755;14.6510;0.3663
549;1.2517;14.6271;0.3532
550;1.5267;14.5998;0.3427
551;1.8008;14.5684;0.3368
552;2.0761;14.5319;0.3148
553;2.3484;14.4903;0.2991
554;2.6203;14.4458;0.2873
555;2.8921;14.3984;0.2728
556;3.1641;14.3471;0.2603
557;3.4340;14.2889;0.2465
558;3.7032;14.2220;0.2350
559;3.9664;14.1394;0.2247
560;4.2164;14.0445;0.2150
561;4.4759;13.9776;0.2062
562;5.6291;13.5393;0.1681
563;5.8751;13.5222;0.1535
564;6.1125;13.4790;0.1393
565;6.3826;13.3930;0.1250
566;6.6487;13.3253;0.1065
567;6.9103;13.2715;0.0907
568;7.1801;13.2122;0.0731
569;7.4521;13.1560;0.0564
570;7.7250;13.1047;0.0389
571;7.9975;13.0543;0.0230
572;8.2715;13.0094;0.0076
573;8.5455;12.9677;-0.0062
574;8.8206;12.9274;-0.0193
575;9.0958;12.8861;-0.0305
576;9.3718;12.8501;-0.0434
577;9.6483;12.8249;-0.0577
578;9.9260;12.8048;-0.0721
579;10.2013;12.7868;-0.0777
580;10.4801;12.7707;-0.0903
581;10.7600;12.7551;-0.1063
582;11.0428;12.7409;-0.0906
583;0.5438;14.4566;0.3929
584;0.8257;14.4310;0.3776
585;1.1026;14.4070;0.3617
586;1.3787;14.3811;0.3480
587;1.6539;14.3520;0.3364
588;1.9276;14.3184;0.3230
589;2.2024;14.2784;0.3059
590;2.4749;14.2348;0.2932
591;2.7472;14.1896;0.2797
592;3.0192;14.1398;0.2681
593;3.2896;14.0860;0.2542
594;3.5590;14.0265;0.2443
595;3.8252;13.9511;0.2326
596;4.0862;13.8632;0.2235
597;4.3554;13.7824;0.2131
598;4.6250;13.7340;0.2021
599;4.8651;13.6616;0.1967
600;5.1313;13.5551;0.1884
601;5.4132;13.4711;0.1783
602;5.7044;13.3287;0.1629
603;5.9684;13.2725;0.1481
604;6.2296;13.2122;0.1320
605;6.4958;13.1359;0.1169
606;6.7626;13.0676;0.0985
607;7.0305;13.0090;0.0815
608;7.3007;12.9521;0.0639
609;7.5725;12.8972;0.0460
610;7.8457;12.8453;0.0293
611;8.1201;12.7975;0.0133
612;8.3955;12.7535;0.0011
613;8.6709;12.7132;-0.0129
614;8.9460;12.6735;-0.0252
615;9.2220;12.6325;-0.0371
616;9.4988;12.6025;-0.0509
617;9.7763;12.5798;-0.0649
618;10.0534;12.5612;-0.0768
619;10.3287;12.5442;-0.0834
620;10.6045;12.5298;-0.1007
621;10.8721;12.5179;-0.1102
622;11.1191;12.5081;-0.0652
623;0.4420;14.2434;0.3989
624;0.6895;14.2075;0.3855
625;0.9579;14.1854;0.3719
626;1.2316;14.1610;0.3564
627;1.5068;14.1329;0.3420
628;1.7806;14.1018;0.3312
629;2.0549;14.0659;0.3152
630;2.3279;14.0230;0.3002
631;2.6001;13.9792;0.2878
632;2.8725;13.9310;0.2756
633;3.1435;13.8798;0.2633
634;3.4134;13.8238;0.2533
635;3.6828;13.7573;0.2434
636;3.9473;13.6753;0.2314
637;4.2143;13.5944;0.2220
638;4.4850;13.5226;0.2105
639;4.7443;13.4465;0.2009
640;5.0026;13.3627;0.1934
641;5.2707;13.2736;0.1828
642;5.5358;13.1800;0.1701
643;5.8116;13.0820;0.1561
644;6.0800;13.0150;0.1412
645;6.3468;12.9466;0.1266
646;6.6140;12.8714;0.1100
647;6.8825;12.8062;0.0903
648;7.1529;12.7477;0.0728
649;7.4242;12.6912;0.0547
650;7.6971;12.6369;0.0369
651;7.9704;12.5868;0.0204
652;8.2451;12.5413;0.0069
653;8.5207;12.4991;-0.0067
654;8.7970;12.4592;-0.0196
655;9.0731;12.4198;-0.0313
656;9.3503;12.3832;-0.0459
657;9.6274;12.3569;-0.0597
658;9.9046;12.3357;-0.0696
659;10.1819;12.3173;-0.0819
660;10.4555;12.3011;-0.0919
661;10.7230;12.2867;-0.1062
662;10.9665;12.2716;-0.1010
663;11.1665;12.2610;-0.0356
664;0.5098;13.9906;0.3947
665;0.8037;13.9654;0.3811
666;1.0825;13.9406;0.3651
667;1.3590;13.9138;0.3481
668;1.6339;13.8840;0.3345
669;1.9080;13.8512;0.3229
670;2.1811;13.8120;0.3073
671;2.4536;13.7679;0.2939
672;2.7265;13.7217;0.2818
673;2.9976;13.6719;0.2706
674;3.2680;13.6185;0.2605
675;3.5375;13.5603;0.2505
676;3.8046;13.4864;0.2417
677;4.0711;13.4038;0.2294
678;4.3375;13.3262;0.2183
679;4.6025;13.2488;0.2069
680;4.8658;13.1651;0.1961
681;5.1286;13.0786;0.1872
682;5.3926;12.9905;0.1757
683;5.6593;12.9034;0.1636
684;5.9304;12.8211;0.1491
685;6.1997;12.7514;0.1347
686;6.4672;12.6795;0.1197
687;6.7357;12.6068;0.1011
688;7.0075;12.5436;0.0827
689;7.2801;12.4854;0.0642
690;7.5525;12.4289;0.0449
691;7.8244;12.3774;0.0285
692;8.0988;12.3297;0.0124
693;8.3742;12.2858;-0.0012
694;8.6499;12.2450;-0.0141
695;8.9265;12.2061;-0.0265
696;9.2032;12.1677;-0.0408
697;9.4808;12.1357;-0.0534
698;9.7579;12.1117;-0.0649
699;10.0360;12.0915;-0.0789
700;10.3123;12.0734;-0.0897
701;10.5862;12.0567;-0.1022
702;10.8511;12.0392;-0.1091
703;11.1030;12.0199;-0.0616
704;0.4287;13.7489;0.3981
705;0.6754;13.7449;0.3872
706;0.9426;13.7195;0.3735
707;1.2156;13.6940;0.3578
708;1.4896;13.6661;0.3420
709;1.7638;13.6344;0.3285
710;2.0379;13.5987;0.3152
711;2.3107;13.5559;0.3009
712;2.5834;13.5123;0.2897
713;2.8553;13.4629;0.2775
714;3.1270;13.4112;0.2664
715;3.3968;13.3555;0.2570
716;3.6660;13.2901;0.2486
717;3.9337;13.2106;0.2385
718;4.1990;13.1310;0.2268
719;4.4639;13.0541;0.2147
720;4.7282;12.9739;0.2030
721;4.9925;12.8861;0.1943
722;5.2566;12.7980;0.1815
723;5.5226;12.7126;0.1679
724;5.7912;12.6291;0.1544
725;6.0604;12.5545;0.1397
726;6.3299;12.4837;0.1251
727;6.5989;12.4075;0.1073
728;6.8705;12.3382;0.0892
729;7.1435;12.2791;0.0696
730;7.4158;12.2205;0.0503
731;7.6877;12.1660;0.0337
732;7.9599;12.1187;0.0192
733;8.2337;12.0735;0.0035
734;8.5083;12.0312;-0.0093
735;8.7842;11.9912;-0.0223
736;9.0608;11.9534;-0.0345
737;9.3384;11.9176;-0.0492
738;9.6155;11.8895;-0.0609
739;9.8925;11.8668;-0.0723
740;10.1695;11.8475;-0.0842
741;10.4431;11.8303;-0.0974
742;10.7098;11.8127;-0.1115
743;10.9568;11.7917;-0.1024
744;11.1593;11.7737;-0.0350
745;0.5216;13.5214;0.3935
746;0.7982;13.4970;0.3802
747;1.0725;13.4730;0.3665
748;1.3470;13.4467;0.3516
749;1.6211;13.4171;0.3373
750;1.8951;13.3834;0.3262
751;2.1692;13.3444;0.3098
752;2.4423;13.3006;0.2962
753;2.7148;13.2545;0.2859
754;2.9870;13.2032;0.2739
755;3.2588;13.1490;0.2630
756;3.5298;13.0893;0.2546
757;3.7989;13.0157;0.2459
758;4.0644;12.9345;0.2354
759;4.3305;12.8581;0.2237
760;4.5959;12.7804;0.2112
761;4.8604;12.6982;0.1994
762;5.1270;12.6053;0.1874
763;5.3929;12.5206;0.1724
764;5.6607;12.4359;0.1565
765;5.9285;12.3578;0.1408
766;6.1957;12.2873;0.1254
767;6.4639;12.2152;0.1093
768;6.7326;12.1361;0.0923
769;7.0032;12.0737;0.0755
770;7.2761;12.0150;0.0561
771;7.5495;11.9573;0.0397
772;7.8214;11.9063;0.0254
773;8.0938;11.8618;0.0112
774;8.3669;11.8179;-0.0015
775;8.6413;11.7770;-0.0154
776;8.9186;11.7388;-0.0283
777;9.1958;11.7022;-0.0409
778;9.4724;11.6696;-0.0541
779;9.7493;11.6434;-0.0667
780;10.0258;11.6230;-0.0776
781;10.3019;11.6042;-0.0899
782;10.5734;11.5865;-0.1031
783;10.8397;11.5675;-0.1107
784;11.0935;11.5347;-0.0562
785;0.4058;13.3131;0.3989
786;0.6631;13.2737;0.3861
787;0.9323;13.2516;0.3752
788;1.2048;13.2265;0.3605
789;1.4782;13.1980;0.3458
790;1.7521;13.1669;0.3347
791;2.0267;13.1306;0.3217
792;2.2984;13.0884;0.3061
793;2.5701;13.0442;0.2955
794;2.8433;12.9955;0.2842
795;3.1156;12.9431;0.2716
796;3.3868;12.8855;0.2599
797;3.6563;12.8187;0.2505
798;3.9249;12.7394;0.2395
799;4.1913;12.6609;0.2300
800;4.4586;12.5842;0.2179
801;4.7240;12.5055;0.2047
802;4.9883;12.4194;0.1912
803;5.2544;12.3284;0.1771
804;5.5210;12.2453;0.1613
805;5.7877;12.1644;0.1447
806;6.0546;12.0913;0.1273
807;6.3219;12.0223;0.1114
808;6.5897;11.9423;0.0955
809;6.8588;11.8711;0.0795
810;7.1316;11.8119;0.0614
811;7.4055;11.7526;0.0462
812;7.6783;11.6963;0.0310
813;7.9506;11.6497;0.0177
814;8.2237;11.6052;0.0055
815;8.4977;11.5632;-0.0094
816;8.7740;11.5237;-0.0233
817;9.0502;11.4867;-0.0339
818;9.3268;11.4513;-0.0475
819;9.6034;11.4224;-0.0619
820;9.8801;11.3990;-0.0707
821;10.1562;11.3783;-0.0802
822;10.4294;11.3597;-0.0935
823;10.6944;11.3420;-0.1051
824;10.9398;11.3224;-0.0965
825;11.1484;11.2769;-0.0337
826;0.5057;13.0537;0.3955
827;0.7877;13.0304;0.3820
828;1.0626;13.0060;0.3674
829;1.3375;12.9790;0.3523
830;1.6113;12.9489;0.3386
831;1.8844;12.9151;0.3302
832;2.1579;12.8747;0.3149
833;2.4300;12.8306;0.3027
834;2.7023;12.7847;0.2918
835;2.9739;12.7334;0.2784
836;3.2451;12.6782;0.2674
837;3.5137;12.6184;0.2555
838;3.7826;12.5430;0.2430
839;4.0501;12.4636;0.2330
840;4.3171;12.3861;0.2214
841;4.5845;12.3091;0.2095
842;4.8492;12.2293;0.1946
843;5.1133;12.1399;0.1825
844;5.3788;12.0544;0.1674
845;5.6457;11.9717;0.1505
846;5.9129;11.8960;0.1345
847;6.1803;11.8230;0.1166
848;6.4484;11.7517;0.0996
849;6.7169;11.6713;0.0821
850;6.9876;11.6083;0.0662
851;7.2601;11.5494;0.0487
852;7.5330;11.4901;0.0361
853;7.8057;11.4385;0.0226
854;8.0793;11.3933;0.0099
855;8.3542;11.3498;-0.0008
856;8.6293;11.3088;-0.0164
857;8.9050;11.2708;-0.0282
858;9.1812;11.2350;-0.0395
859;9.4581;11.2025;-0.0523
860;9.7346;11.1755;-0.0628
861;10.0114;11.1535;-0.0727
862;10.2873;11.1338;-0.0879
863;10.5585;11.1147;-0.1020
864;10.8190;11.0955;-0.1055
865;11.0643;11.0760;-0.0644
866;0.3989;12.8115;0.4038
867;0.6546;12.8086;0.3891
868;0.9222;12.7847;0.3739
869;1.1941;12.7595;0.3598
870;1.4672;12.7308;0.3453
871;1.7403;12.6988;0.3341
872;2.0131;12.6618;0.3227
873;2.2857;12.6187;0.3095
874;2.5579;12.5736;0.2972
875;2.8294;12.5251;0.2853
876;3.1007;12.4725;0.2718
877;3.3707;12.4131;0.2602
878;3.6399;12.3453;0.2476
879;3.9052;12.2692;0.2354
880;4.1720;12.1896;0.2236
881;4.4404;12.1131;0.2120
882;4.7073;12.0349;0.1970
883;4.9727;11.9524;0.1850
884;5.2375;11.8635;0.1721
885;5.5035;11.7806;0.1561
886;5.7712;11.6996;0.1395
887;6.0385;11.6262;0.1240
888;6.3066;11.5563;0.1050
889;6.5751;11.4800;0.0903
890;6.8424;11.4065;0.0717
891;7.1144;11.3462;0.0565
892;7.3864;11.2869;0.0412
893;7.6595;11.2309;0.0277
894;7.9335;11.1828;0.0148
895;8.2078;11.1373;0.0014
896;8.4834;11.0949;-0.0091
897;8.7591;11.0553;-0.0207
898;9.0355;11.0185;-0.0325
899;9.3123;10.9839;-0.0451
900;9.5888;10.9541;-0.0558
901;9.8652;10.9295;-0.0630
902;10.1424;10.9085;-0.0769
903;10.4166;10.8885;-0.0934
904;10.6812;10.8693;-0.0995
905;10.9278;10.8505;-0.0819
906;11.1428;10.8633;-0.0163
907;0.5072;12.5849;0.3963
908;0.7784;12.5626;0.3826
909;1.0504;12.5389;0.3665
910;1.3227;12.5122;0.3535
911;1.5958;12.4819;0.3398
912;1.8689;12.4474;0.3274
913;2.1420;12.4073;0.3154
914;2.4142;12.3624;0.3030
915;2.6867;12.3157;0.2909
916;2.9587;12.2648;0.2776
917;3.2298;12.2086;0.2636
918;3.4975;12.1449;0.2502
919;3.7629;12.0738;0.2378
920;4.0292;11.9963;0.2252
921;4.2974;11.9176;0.2131
922;4.5659;11.8409;0.2007
923;4.8329;11.7621;0.1859
924;5.0971;11.6751;0.1747
925;5.3625;11.5878;0.1596
926;5.6301;11.5059;0.1453
927;5.8977;11.4296;0.1293
928;6.1656;11.3568;0.1135
929;6.4329;11.2880;0.0956
930;6.7008;11.2085;0.0803
931;6.9701;11.1432;0.0636
932;7.2416;11.0835;0.0492
933;7.5142;11.0250;0.0345
934;7.7876;10.9722;0.0205
935;8.0629;10.9260;0.0088
936;8.3378;10.8815;-0.0048
937;8.6136;10.8402;-0.0137
938;8.8896;10.8022;-0.0267
939;9.1660;10.7669;-0.0387
940;9.4432;10.7337;-0.0511
941;9.7203;10.7066;-0.0595
942;9.9980;10.6840;-0.0713
943;10.2750;10.6635;-0.0877
944;10.5495;10.6427;-0.1045
945;10.8167;10.6238;-0.0959
946;11.0813;10.6164;-0.0419
947;0.4077;12.3757;0.4011
948;0.6481;12.3368;0.3901
949;0.9111;12.3160;0.3756
950;1.1810;12.2917;0.3621
951;1.4531;12.2638;0.3450
952;1.7254;12.2315;0.3338
953;1.9985;12.1946;0.3233
954;2.2715;12.1512;0.3098
955;2.5436;12.1053;0.2972
956;2.8170;12.0576;0.2834
957;3.0882;12.0033;0.2690
958;3.3579;11.9426;0.2566
959;3.6237;11.8759;0.2436
960;3.8889;11.8033;0.2303
961;4.1562;11.7260;0.2167
962;4.4252;11.6488;0.2031
963;4.6940;11.5710;0.1907
964;4.9593;11.4897;0.1775
965;5.2256;11.4006;0.1656
966;5.4918;11.3151;0.1529
967;5.7597;11.2339;0.1379
968;6.0282;11.1588;0.1218
969;6.2957;11.0883;0.1054
970;6.5637;11.0139;0.0902
971;6.8322;10.9420;0.0749
972;7.1010;10.8805;0.0570
973;7.3730;10.8208;0.0438
974;7.6465;10.7644;0.0294
975;7.9216;10.7141;0.0165
976;8.1968;10.6681;0.0030
977;8.4717;10.6255;-0.0085
978;8.7482;10.5861;-0.0204
979;9.0241;10.5493;-0.0324
980;9.3008;10.5150;-0.0454
981;9.5785;10.4843;-0.0559
982;9.8560;10.4602;-0.0679
983;10.1337;10.4382;-0.0836
984;10.4091;10.4180;-0.0991
985;10.6800;10.3987;-0.1101
986;10.9333;10.3846;-0.0821
987;11.1485;10.3668;-0.0063
988;0.4789;12.1202;0.3984
989;0.7640;12.0950;0.3847
990;1.0391;12.0710;0.3703
991;1.3128;12.0444;0.3549
992;1.5857;12.0136;0.3406
993;1.8589;11.9803;0.3299
994;2.1317;11.9403;0.3153
995;2.4048;11.8939;0.3022
996;2.6778;11.8484;0.2896
997;2.9516;11.7960;0.2737
998;3.2239;11.7377;0.2606
999;3.4936;11.6732;0.2487
1000;3.7572;11.6062;0.2387
1001;4.0224;11.5350;0.2256
1002;4.2923;11.4564;0.2110
1003;4.5613;11.3798;0.1969
1004;4.8302;11.2986;0.1828
1005;5.0958;11.2150;0.1740
1006;5.3608;11.1271;0.1613
1007;5.6271;11.0420;0.1471
1008;5.8933;10.9637;0.1325
1009;6.1607;10.8887;0.1159
1010;6.4290;10.8173;0.1002
1011;6.6984;10.7420;0.0852
1012;6.9678;10.6767;0.0691
1013;7.2390;10.6145;0.0531
1014;7.5111;10.5571;0.0394
1015;7.7845;10.5040;0.0253
1016;8.0594;10.4557;0.0108
1017;8.3340;10.4115;-0.0038
1018;8.6084;10.3709;-0.0157
1019;8.8840;10.3332;-0.0275
1020;9.1604;10.2982;-0.0404
1021;9.4378;10.2635;-0.0531
1022;9.7140;10.2368;-0.0608
1023;9.9919;10.2143;-0.0762
1024;10.2689;10.1932;-0.0891
1025;10.5452;10.1735;-0.1034
1026;10.8184;10.1551;-0.1102
1027;11.0807;10.1322;-0.0405
1028;0.4110;11.8801;0.4030
1029;0.6453;11.8741;0.3904
1030;0.9057;11.8493;0.3779
1031;1.1741;11.8250;0.3643
1032;1.4463;11.7955;0.3483
1033;1.7193;11.7633;0.3343
1034;1.9919;11.7282;0.3218
1035;2.2649;11.6842;0.3066
1036;2.5375;11.6368;0.2941
1037;2.8110;11.5886;0.2800
1038;3.0846;11.5337;0.2659
1039;3.3551;11.4709;0.2517
1040;3.6231;11.4042;0.2409
1041;3.8889;11.3369;0.2316
1042;4.1552;11.2625;0.2192
1043;4.4235;11.1880;0.2035
1044;4.6920;11.1082;0.1906
1045;4.9578;11.0252;0.1785
1046;5.2226;10.9385;0.1697
1047;5.4879;10.8516;0.1577
1048;5.7531;10.7696;0.1431
1049;6.0192;10.6925;0.1272
1050;6.2877;10.6180;0.1092
1051;6.5565;10.5437;0.0940
1052;6.8263;10.4740;0.0771
1053;7.0973;10.4103;0.0636
1054;7.3692;10.3502;0.0488
1055;7.6414;10.2959;0.0338
1056;7.9152;10.2437;0.0194
1057;8.1898;10.1979;0.0058
1058;8.4644;10.1554;-0.0087
1059;8.7398;10.1166;-0.0216
1060;9.0156;10.0811;-0.0341
1061;9.2928;10.0467;-0.0476
1062;9.5693;10.0148;-0.0573
1063;9.8463;9.9916;-0.0657
1064;10.1223;9.9689;-0.0823
1065;10.4003;9.9487;-0.0954
1066;10.6710;9.9295;-0.1085
1067;10.9252;9.9104;-0.0950
1068;11.1419;9.8788;-0.0159
1069;0.4945;11.6507;0.4019
1070;0.7637;11.6289;0.3844
1071;1.0329;11.6038;0.3734
1072;1.3039;11.5774;0.3596
1073;1.5763;11.5460;0.3413
1074;1.8494;11.5129;0.3289
1075;2.1219;11.4745;0.3150
1076;2.3941;11.4266;0.2988
1077;2.6663;11.3800;0.2843
1078;2.9388;11.3279;0.2712
1079;3.2103;11.2707;0.2564
1080;3.4805;11.2042;0.2454
1081;3.7480;11.1372;0.2365
1082;4.0156;11.0658;0.2245
1083;4.2829;10.9925;0.2121
1084;4.5505;10.9159;0.2006
1085;4.8158;10.8348;0.1888
1086;5.0803;10.7506;0.1778
1087;5.3437;10.6634;0.1682
1088;5.6084;10.5792;0.1550
1089;5.8747;10.4984;0.1383
1090;6.1415;10.4219;0.1203
1091;6.4096;10.3470;0.1028
1092;6.6788;10.2740;0.0882
1093;6.9510;10.2073;0.0714
1094;7.2233;10.1444;0.0572
1095;7.4959;10.0874;0.0436
1096;7.7695;10.0354;0.0269
1097;8.0432;9.9868;0.0132
1098;8.3183;9.9415;-0.0016
1099;8.5946;9.9004;-0.0151
1100;8.8705;9.8636;-0.0283
1101;9.1470;9.8295;-0.0411
1102;9.4238;9.7960;-0.0538
1103;9.7005;9.7673;-0.0627
1104;9.9767;9.7457;-0.0711
1105;10.2557;9.7235;-0.0873
1106;10.5314;9.7034;-0.1029
1107;10.8018;9.6834;-0.1075
1108;11.0614;9.6613;-0.0534
1109;0.3827;11.4372;0.4057
1110;0.6342;11.4083;0.3938
1111;0.8951;11.3829;0.3806
1112;1.1627;11.3573;0.3686
1113;1.4343;11.3283;0.3516
1114;1.7064;11.2961;0.3367
1115;1.9790;11.2605;0.3205
1116;2.2517;11.2177;0.3059
1117;2.5231;11.1700;0.2921
1118;2.7954;11.1211;0.2767
1119;3.0673;11.0671;0.2628
1120;3.3379;11.0046;0.2501
1121;3.6066;10.9378;0.2387
1122;3.8752;10.8690;0.2274
1123;4.1422;10.7964;0.2175
1124;4.4099;10.7207;0.2070
1125;4.6744;10.6419;0.1978
1126;4.9400;10.5606;0.1886
1127;5.2042;10.4745;0.1781
1128;5.4684;10.3873;0.1644
1129;5.7327;10.3051;0.1505
1130;5.9997;10.2274;0.1336
1131;6.2658;10.1497;0.1137
1132;6.5351;10.0744;0.0965
1133;6.8063;10.0047;0.0801
1134;7.0787;9.9399;0.0642
1135;7.3520;9.8794;0.0486
1136;7.6252;9.8257;0.0353
1137;7.8988;9.7744;0.0189
1138;8.1748;9.7288;0.0054
1139;8.4499;9.6855;-0.0066
1140;8.7256;9.6463;-0.0213
1141;9.0018;9.6110;-0.0337
1142;9.2786;9.5776;-0.0476
1143;9.5558;9.5456;-0.0596
1144;9.8326;9.5204;-0.0695
1145;10.1100;9.4982;-0.0826
1146;10.3869;9.4781;-0.0971
1147;10.6597;9.4579;-0.1073
1148;10.9205;9.4398;-0.0913
1149;11.1605;9.4278;-0.0028
1150;0.4887;11.1960;0.4040
1151;0.7547;11.1630;0.3898
1152;1.0214;11.1368;0.3761
1153;1.2915;11.1100;0.3614
1154;1.5640;11.0792;0.3432
1155;1.8369;11.0451;0.3286
1156;2.1097;11.0066;0.3126
1157;2.3814;10.9603;0.2978
1158;2.6531;10.9123;0.2838
1159;2.9249;10.8604;0.2682
1160;3.1956;10.8035;0.2564
1161;3.4656;10.7391;0.2430
1162;3.7349;10.6710;0.2317
1163;4.0035;10.5996;0.2223
1164;4.2703;10.5258;0.2134
1165;4.5367;10.4471;0.2044
1166;4.8018;10.3658;0.1957
1167;5.0674;10.2835;0.1884
1168;5.3319;10.1946;0.1745
1169;5.5963;10.1104;0.1588
1170;5.8632;10.0307;0.1444
1171;6.1303;9.9528;0.1236
1172;6.3967;9.8755;0.1037
1173;6.6657;9.8040;0.0868
1174;6.9369;9.7362;0.0715
1175;7.2093;9.6728;0.0561
1176;7.4833;9.6163;0.0414
1177;7.7574;9.5648;0.0252
1178;8.0308;9.5169;0.0100
1179;8.3066;9.4732;-0.0030
1180;8.5822;9.4301;-0.0172
1181;8.8584;9.3931;-0.0291
1182;9.1349;9.3597;-0.0432
1183;9.4116;9.3261;-0.0573
1184;9.6876;9.2974;-0.0647
1185;9.9650;9.2739;-0.0773
1186;10.2428;9.2529;-0.0905
1187;10.5190;9.2326;-0.1035
1188;10.7916;9.2137;-0.1064
1189;11.0554;9.2040;-0.0521
1190;0.4020;10.9836;0.4087
1191;0.6316;10.9421;0.3960
1192;0.8859;10.9154;0.3824
1193;1.1512;10.8903;0.3683
1194;1.4221;10.8614;0.3497
1195;1.6941;10.8283;0.3362
1196;1.9668;10.7927;0.3216
1197;2.2393;10.7511;0.3062
1198;2.5110;10.7032;0.2908
1199;2.7817;10.6538;0.2763
1200;3.0520;10.5997;0.2640
1201;3.3213;10.5407;0.2514
1202;3.5902;10.4732;0.2395
1203;3.8589;10.4036;0.2298
1204;4.1269;10.3307;0.2198
1205;4.3940;10.2534;0.2114
1206;4.6599;10.1717;0.2029
1207;4.9250;10.0922;0.1938
1208;5.1911;10.0058;0.1845
1209;5.4568;9.9176;0.1676
1210;5.7247;9.8352;0.1520
1211;5.9941;9.7560;0.1345
1212;6.2602;9.6775;0.1148
1213;6.5269;9.6038;0.0965
1214;6.7968;9.5362;0.0784
1215;7.0681;9.4699;0.0620
1216;7.3412;9.4088;0.0458
1217;7.6157;9.3556;0.0323
1218;7.8896;9.3065;0.0168
1219;8.1645;9.2604;0.0006
1220;8.4399;9.2158;-0.0117
1221;8.7159;9.1769;-0.0252
1222;8.9915;9.1407;-0.0372
1223;9.2686;9.1082;-0.0515
1224;9.5453;9.0762;-0.0608
1225;9.8215;9.0511;-0.0705
1226;10.0989;9.0281;-0.0839
1227;10.3755;9.0077;-0.0956
1228;10.6495;8.9873;-0.1076
1229;10.9105;8.9711;-0.0909
1230;11.1356;8.9780;-0.0077
1231;0.4672;10.7296;0.4015
1232;0.7406;10.6956;0.3899
1233;1.0103;10.6702;0.3776
1234;1.2819;10.6435;0.3605
1235;1.5545;10.6122;0.3423
1236;1.8277;10.5775;0.3279
1237;2.1001;10.5385;0.3136
1238;2.3724;10.4931;0.2995
1239;2.6444;10.4450;0.2845
1240;2.9153;10.3926;0.2725
1241;3.1848;10.3368;0.2598
1242;3.4547;10.2739;0.2478
1243;3.7239;10.2046;0.2365
1244;3.9920;10.1338;0.2257
1245;4.2590;10.0598;0.2157
1246;4.5274;9.9805;0.2072
1247;4.7928;9.8979;0.1962
1248;5.0591;9.8178;0.1875
1249;5.3259;9.7238;0.1732
1250;5.5927;9.6413;0.1577
1251;5.8617;9.5610;0.1413
1252;6.1275;9.4808;0.1238
1253;6.3948;9.4025;0.1049
1254;6.6642;9.3340;0.0870
1255;6.9320;9.2683;0.0701
1256;7.2044;9.2043;0.0523
1257;7.4776;9.1467;0.0357
1258;7.7512;9.0960;0.0224
1259;8.0257;9.0493;0.0082
1260;8.3004;9.0034;-0.0062
1261;8.5751;8.9610;-0.0184
1262;8.8508;8.9235;-0.0329
1263;9.1276;8.8883;-0.0455
1264;9.4047;8.8563;-0.0557
1265;9.6809;8.8276;-0.0652
1266;9.9571;8.8038;-0.0748
1267;10.2351;8.7820;-0.0863
1268;10.5148;8.7613;-0.1049
1269;10.7941;8.7409;-0.1103
1270;11.0717;8.7320;-0.0403
1271;0.3854;10.4992;0.4072
1272;0.6158;10.4737;0.3973
1273;0.8745;10.4496;0.3865
1274;1.1424;10.4241;0.3724
1275;1.4140;10.3959;0.3532
1276;1.6871;10.3627;0.3368
1277;1.9605;10.3250;0.3202
1278;2.2335;10.2824;0.3067
1279;2.5067;10.2348;0.2923
1280;2.7792;10.1849;0.2801
1281;3.0494;10.1307;0.2672
1282;3.3193;10.0724;0.2559
1283;3.5886;10.0059;0.2443
1284;3.8576;9.9347;0.2324
1285;4.1249;9.8637;0.2203
1286;4.3919;9.7913;0.2086
1287;4.6617;9.7056;0.1988
1288;4.9250;9.6283;0.1866
1289;5.1901;9.5397;0.1758
1290;5.4538;9.4482;0.1618
1291;5.7219;9.3670;0.1454
1292;5.9900;9.2873;0.1297
1293;6.2575;9.2061;0.1144
1294;6.5248;9.1328;0.0969
1295;6.7929;9.0655;0.0773
1296;7.0629;9.0009;0.0615
1297;7.3353;8.9408;0.0449
1298;7.6090;8.8868;0.0282
1299;7.8824;8.8385;0.0150
1300;8.1569;8.7917;0.0016
1301;8.4319;8.7472;-0.0121
1302;8.7070;8.7070;-0.0257
1303;8.9833;8.6700;-0.0387
1304;9.2598;8.6373;-0.0506
1305;9.5373;8.6060;-0.0614
1306;9.8138;8.5796;-0.0668
1307;10.0923;8.5570;-0.0811
1308;10.3705;8.5368;-0.0959
1309;10.6472;8.5168;-0.1072
1310;10.9154;8.4970;-0.0919
1311;11.1438;8.4797;0.0020
1312;0.4567;10.2473;0.4049
1313;0.7306;10.2303;0.3963
1314;1.0005;10.2050;0.3815
1315;1.2716;10.1779;0.3661
1316;1.5440;10.1470;0.3470
1317;1.8174;10.1111;0.3307
1318;2.0899;10.0707;0.3146
1319;2.3630;10.0247;0.3008
1320;2.6359;9.9759;0.2878
1321;2.9080;9.9233;0.2744
1322;3.1790;9.8677;0.2631
1323;3.4485;9.8066;0.2493
1324;3.7169;9.7359;0.2393
1325;3.9851;9.6662;0.2258
1326;4.2515;9.5935;0.2140
1327;4.5175;9.5131;0.2051
1328;4.7856;9.4327;0.1904
1329;5.0506;9.3581;0.1766
1330;5.3140;9.2579;0.1629
1331;5.5792;9.1720;0.1493
1332;5.8468;9.0926;0.1344
1333;6.1147;9.0126;0.1197
1334;6.3814;8.9339;0.1027
1335;6.6505;8.8643;0.0861
1336;6.9206;8.7980;0.0685
1337;7.1916;8.7361;0.0534
1338;7.4641;8.6796;0.0376
1339;7.7379;8.6286;0.0218
1340;8.0116;8.5807;0.0077
1341;8.2862;8.5348;-0.0055
1342;8.5611;8.4922;-0.0190
1343;8.8373;8.4537;-0.0317
1344;9.1136;8.4177;-0.0444
1345;9.3910;8.3857;-0.0552
1346;9.6673;8.3571;-0.0589
1347;9.9448;8.3330;-0.0672
1348;10.2255;8.3118;-0.0886
1349;10.5047;8.2936;-0.1025
1350;10.7863;8.2723;-0.1084
1351;11.0663;8.2428;-0.0433
1352;0.3892;10.0062;0.4109
1353;0.6147;10.0047;0.4005
1354;0.8674;9.9838;0.3894
1355;1.1318;9.9589;0.3745
1356;1.4024;9.9299;0.3555
1357;1.6740;9.8967;0.3404
1358;1.9467;9.8580;0.3244
1359;2.2189;9.8138;0.3088
1360;2.4916;9.7663;0.2950
1361;2.7642;9.7163;0.2824
1362;3.0363;9.6613;0.2686
1363;3.3071;9.6034;0.2561
1364;3.5758;9.5390;0.2433
1365;3.8444;9.4675;0.2312
1366;4.1108;9.3958;0.2194
1367;4.3779;9.3240;0.2080
1368;4.6450;9.2419;0.1974
1369;4.9112;9.1649;0.1811
1370;5.1768;9.0757;0.1663
1371;5.4390;8.9796;0.1521
1372;5.7046;8.8986;0.1398
1373;5.9706;8.8189;0.1241
1374;6.2383;8.7381;0.1087
1375;6.5074;8.6639;0.0917
1376;6.7768;8.5956;0.0750
1377;7.0473;8.5323;0.0600
1378;7.3191;8.4732;0.0467
1379;7.5923;8.4200;0.0306
1380;7.8663;8.3705;0.0163
1381;8.1408;8.3237;0.0017
1382;8.4160;8.2788;-0.0112
1383;8.6919;8.2377;-0.0249
1384;8.9677;8.2000;-0.0383
1385;9.2441;8.1661;-0.0470
1386;9.5191;8.1362;-0.0416
1387;9.7959;8.1110;-0.0461
1388;10.0765;8.0866;-0.0738
1389;10.3560;8.0670;-0.0988
1390;10.6327;8.0482;-0.1114
1391;10.8974;8.0278;-0.0976
1392;11.1316;7.9810;-0.0052
1393;0.4669;9.7765;0.4087
1394;0.7282;9.7610;0.3976
1395;0.9915;9.7379;0.3838
1396;1.2598;9.7114;0.3669
1397;1.5316;9.6811;0.3488
1398;1.8035;9.6442;0.3337
1399;2.0753;9.6026;0.3180
1400;2.3477;9.5563;0.3028
1401;2.6197;9.5077;0.2885
1402;2.8914;9.4549;0.2756
1403;3.1632;9.3994;0.2622
1404;3.4337;9.3392;0.2481
1405;3.7019;9.2711;0.2364
1406;3.9695;9.1995;0.2246
1407;4.2359;9.1257;0.2130
1408;4.5028;9.0464;0.2011
1409;4.7703;8.9648;0.1879
1410;5.0354;8.8905;0.1758
1411;5.2985;8.7941;0.1600
1412;5.5623;8.7056;0.1444
1413;5.8280;8.6247;0.1302
1414;6.0947;8.5451;0.1145
1415;6.3634;8.4672;0.0986
1416;6.6331;8.3959;0.0829
1417;6.9033;8.3289;0.0669
1418;7.1750;8.2676;0.0533
1419;7.4479;8.2113;0.0391
1420;7.7217;8.1611;0.0237
1421;7.9962;8.1126;0.0130
1422;8.2721;8.0664;-0.0041
1423;8.5476;8.0232;-0.0162
1424;8.8237;7.9840;-0.0320
1425;9.0998;7.9472;-0.0442
1426;9.3730;7.9165;-0.0337
1427;9.6466;7.8885;-0.0236
1428;9.9292;7.8629;-0.0579
1429;10.2098;7.8412;-0.0868
1430;10.4872;7.8221;-0.1014
1431;10.7636;7.8029;-0.1083
1432;11.0338;7.7839;-0.0513
1433;0.3590;9.5575;0.4167
1434;0.6019;9.5380;0.4023
1435;0.8563;9.5163;0.3911
1436;1.1202;9.4911;0.3760
1437;1.3902;9.4636;0.3582
1438;1.6623;9.4304;0.3410
1439;1.9342;9.3906;0.3264
1440;2.2052;9.3454;0.3121
1441;2.4770;9.2997;0.2963
1442;2.7484;9.2485;0.2822
1443;3.0199;9.1935;0.2681
1444;3.2909;9.1365;0.2560
1445;3.5605;9.0738;0.2434
1446;3.8282;9.0030;0.2294
1447;4.0960;8.9291;0.2190
1448;4.3640;8.8542;0.2048
1449;4.6295;8.7684;0.1946
1450;4.8958;8.6956;0.1824
1451;5.1614;8.6109;0.1707
1452;5.4248;8.5141;0.1538
1453;5.6890;8.4318;0.1391
1454;5.9549;8.3527;0.1237
1455;6.2222;8.2730;0.1076
1456;6.4918;8.1974;0.0918
1457;6.7622;8.1269;0.0760
1458;7.0338;8.0622;0.0594
1459;7.3058;8.0050;0.0482
1460;7.5804;7.9513;0.0306
1461;7.8546;7.9025;0.0185
1462;8.1300;7.8545;0.0036
1463;8.4055;7.8090;-0.0092
1464;8.6825;7.7681;-0.0238
1465;8.9585;7.7299;-0.0381
1466;9.2338;7.6957;-0.0475
1467;9.5072;7.6663;-0.0443
1468;9.7855;7.6397;-0.0589
1469;10.0649;7.6162;-0.0782
1470;10.3428;7.5962;-0.0936
1471;10.6168;7.5779;-0.1107
1472;10.8792;7.5657;-0.0973
1473;11.1215;7.5719;-0.0089
1474;0.4609;9.3211;0.4150
1475;0.7186;9.2943;0.4030
1476;0.9820;9.2696;0.3834
1477;1.2502;9.2440;0.3684
1478;1.5223;9.2144;0.3501
1479;1.7945;9.1774;0.3358
1480;2.0663;9.1338;0.3205
1481;2.3372;9.0889;0.3060
1482;2.6089;9.0420;0.2915
1483;2.8806;8.9888;0.2775
1484;3.1527;8.9325;0.2627
1485;3.4242;8.8731;0.2499
1486;3.6935;8.8079;0.2389
1487;3.9640;8.7352;0.2280
1488;4.2321;8.6588;0.2150
1489;4.4996;8.5811;0.2055
1490;4.7657;8.4999;0.1905
1491;5.0336;8.4191;0.1785
1492;5.2969;8.3263;0.1656
1493;5.5591;8.2381;0.1488
1494;5.8235;8.1582;0.1342
1495;6.0895;8.0796;0.1182
1496;6.3573;8.0020;0.1028
1497;6.6279;7.9257;0.0846
1498;6.8980;7.8577;0.0679
1499;7.1700;7.7977;0.0523
1500;7.4425;7.7430;0.0403
1501;7.7160;7.6920;0.0222
1502;7.9907;7.6444;0.0092
1503;8.2664;7.5960;-0.0045
1504;8.5418;7.5526;-0.0178
1505;8.8186;7.5131;-0.0325
1506;9.0946;7.4762;-0.0451
1507;9.3702;7.4449;-0.0567
1508;9.6458;7.4168;-0.0635
1509;9.9230;7.3922;-0.0735
1510;10.1991;7.3705;-0.0779
1511;10.4742;7.3521;-0.0944
1512;10.7389;7.3341;-0.1102
1513;10.9757;7.3274;-0.0678
1514;11.1656;7.3246;0.0219
1515;0.3762;9.1046;0.4391
1516;0.5998;9.0713;0.4095
1517;0.8497;9.0484;0.3920
1518;1.1130;9.0232;0.3782
1519;1.3829;8.9957;0.3607
1520;1.6557;8.9623;0.3442
1521;1.9281;8.9219;0.3296
1522;2.2005;8.8763;0.3153
1523;2.4725;8.8320;0.3004
1524;2.7438;8.7821;0.2880
1525;3.0151;8.7280;0.2737
1526;3.2868;8.6712;0.2602
1527;3.5582;8.6084;0.2466
1528;3.8276;8.5379;0.2369
1529;4.0947;8.4634;0.2260
1530;4.3622;8.3865;0.2122
1531;4.6280;8.3059;0.2003
1532;4.8944;8.2248;0.1848
1533;5.1609;8.1382;0.1725
1534;5.4257;8.0459;0.1557
1535;5.6904;7.9629;0.1412
1536;5.9565;7.8841;0.1263
1537;6.2240;7.8068;0.1109
1538;6.4926;7.7288;0.0956
1539;6.7622;7.6565;0.0770
1540;7.0328;7.5916;0.0595
1541;7.3034;7.5357;0.0430
1542;7.5752;7.4833;0.0279
1543;7.8491;7.4346;0.0133
1544;8.1234;7.3857;0.0017
1545;8.3986;7.3385;-0.0111
1546;8.6751;7.2979;-0.0246
1547;8.9520;7.2593;-0.0376
1548;9.2280;7.2247;-0.0492
1549;9.5045;7.1951;-0.0623
1550;9.7805;7.1690;-0.0715
1551;10.0573;7.1458;-0.0796
1552;10.3317;7.1260;-0.0771
1553;10.6055;7.1067;-0.1021
1554;10.8676;7.0894;-0.0932
1555;11.1104;7.0803;-0.0134
1556;0.4390;8.8548;0.4252
1557;0.7066;8.8271;0.4008
1558;0.9724;8.8034;0.3874
1559;1.2414;8.7765;0.3716
1560;1.5136;8.7459;0.3540
1561;1.7865;8.7089;0.3389
1562;2.0590;8.6652;0.3234
1563;2.3311;8.6202;0.3089
1564;2.6028;8.5733;0.2956
1565;2.8748;8.5215;0.2827
1566;3.1459;8.4663;0.2688
1567;3.4174;8.4064;0.2558
1568;3.6862;8.3404;0.2440
1569;3.9528;8.2670;0.2347
1570;4.2196;8.1904;0.2220
1571;4.4870;8.1129;0.2080
1572;4.7530;8.0315;0.1929
1573;5.0179;7.9472;0.1772
1574;5.2843;7.8556;0.1644
1575;5.5486;7.7680;0.1459
1576;5.8161;7.6881;0.1328
1577;6.0830;7.6113;0.1185
1578;6.3502;7.5346;0.1048
1579;6.6190;7.4569;0.0876
1580;6.8895;7.3880;0.0688
1581;7.1606;7.3289;0.0519
1582;7.4315;7.2755;0.0369
1583;7.7050;7.2242;0.0215
1584;7.9791;7.1773;0.0087
1585;8.2541;7.1260;-0.0043
1586;8.5297;7.0824;-0.0182
1587;8.8062;7.0431;-0.0300
1588;9.0826;7.0059;-0.0419
1589;9.3593;6.9744;-0.0554
1590;9.6366;6.9462;-0.0673
1591;9.9138;6.9217;-0.0777
1592;10.1902;6.8999;-0.0872
1593;10.4639;6.8793;-0.0993
1594;10.7303;6.8608;-0.1103
1595;10.9710;6.8445;-0.0681
1596;11.1693;6.8290;0.0287
1597;0.3624;8.6235;0.4285
1598;0.5856;8.6027;0.4056
1599;0.8375;8.5829;0.3957
1600;1.1008;8.5572;0.3832
1601;1.3699;8.5286;0.3650
1602;1.6425;8.4949;0.3472
1603;1.9145;8.4545;0.3308
1604;2.1873;8.4093;0.3164
1605;2.4602;8.3637;0.3023
1606;2.7304;8.3145;0.2893
1607;3.0017;8.2614;0.2767
1608;3.2727;8.2050;0.2645
1609;3.5424;8.1417;0.2516
1610;3.8103;8.0730;0.2415
1611;4.0762;7.9967;0.2296
1612;4.3433;7.9208;0.2151
1613;4.6097;7.8402;0.2002
1614;4.8745;7.7572;0.1825
1615;5.1398;7.6680;0.1698
1616;5.4042;7.5773;0.1551
1617;5.6724;7.4939;0.1407
1618;5.9399;7.4149;0.1258
1619;6.2089;7.3394;0.1099
1620;6.4778;7.2623;0.0943
1621;6.7471;7.1872;0.0775
1622;7.0188;7.1226;0.0612
1623;7.2895;7.0659;0.0450
1624;7.5613;7.0145;0.0303
1625;7.8351;6.9661;0.0181
1626;8.1096;6.9171;0.0045
1627;8.3843;6.8680;-0.0107
1628;8.6593;6.8274;-0.0239
1629;8.9366;6.7889;-0.0358
1630;9.2138;6.7546;-0.0484
1631;9.4907;6.7251;-0.0633
1632;9.7681;6.6987;-0.0724
1633;10.0457;6.6755;-0.0823
1634;10.3218;6.6543;-0.0948
1635;10.5953;6.6344;-0.1094
1636;10.8586;6.6153;-0.0979
1637;11.1061;6.5941;-0.0066
1638;0.4305;8.3735;0.4153
1639;0.6964;8.3602;0.4017
1640;0.9602;8.3381;0.3896
1641;1.2286;8.3100;0.3751
1642;1.4998;8.2778;0.3558
1643;1.7716;8.2409;0.3397
1644;2.0444;8.1981;0.3248
1645;2.3184;8.1527;0.3109
1646;2.5914;8.1046;0.2950
1647;2.8619;8.0544;0.2827
1648;3.1317;7.9994;0.2704
1649;3.4022;7.9387;0.2591
1650;3.6728;7.8741;0.2478
1651;3.9375;7.8000;0.2361
1652;4.2069;7.7231;0.2239
1653;4.4753;7.6446;0.2090
1654;4.7392;7.5640;0.1924
1655;5.0047;7.4781;0.1770
1656;5.2661;7.3869;0.1632
1657;5.5325;7.2996;0.1483
1658;5.8017;7.2185;0.1314
1659;6.0699;7.1418;0.1169
1660;6.3398;7.0668;0.1020
1661;6.6066;6.9883;0.0864
1662;6.8771;6.9188;0.0685
1663;7.1481;6.8581;0.0523
1664;7.4198;6.8042;0.0370
1665;7.6924;6.7544;0.0244
1666;7.9670;6.7068;0.0100
1667;8.2412;6.6553;-0.0029
1668;8.5162;6.6114;-0.0183
1669;8.7920;6.5727;-0.0307
1670;9.0683;6.5366;-0.0434
1671;9.3459;6.5047;-0.0569
1672;9.6235;6.4764;-0.0695
1673;9.9004;6.4516;-0.0763
1674;10.1774;6.4297;-0.0882
1675;10.4520;6.4088;-0.1031
1676;10.7174;6.3887;-0.1099
1677;10.9588;6.3699;-0.0716
1678;11.1596;6.3420;0.0290
1679;0.3660;8.1302;0.4175
1680;0.5830;8.1326;0.4070
1681;0.8297;8.1155;0.3938
1682;1.0898;8.0905;0.3820
1683;1.3576;8.0610;0.3647
1684;1.6280;8.0260;0.3478
1685;1.9001;7.9863;0.3321
1686;2.1727;7.9419;0.3182
1687;2.4451;7.8961;0.3020
1688;2.7164;7.8468;0.2881
1689;2.9880;7.7938;0.2756
1690;3.2587;7.7367;0.2631
1691;3.5292;7.6749;0.2521
1692;3.7978;7.6045;0.2418
1693;4.0656;7.5284;0.2301
1694;4.3339;7.4522;0.2161
1695;4.6015;7.3713;0.2047
1696;4.8665;7.2861;0.1885
1697;5.1301;7.1979;0.1743
1698;5.3940;7.1103;0.1574
1699;5.6608;7.0281;0.1400
1700;5.9289;6.9473;0.1245
1701;6.1980;6.8717;0.1094
1702;6.4672;6.7956;0.0947
1703;6.7364;6.7197;0.0774
1704;7.0077;6.6533;0.0625
1705;7.2801;6.5959;0.0450
1706;7.5516;6.5441;0.0305
1707;7.8256;6.4949;0.0178
1708;8.0993;6.4451;0.0046
1709;8.3739;6.3963;-0.0100
1710;8.6484;6.3557;-0.0239
1711;8.9249;6.3192;-0.0366
1712;9.2019;6.2855;-0.0499
1713;9.4796;6.2548;-0.0622
1714;9.7566;6.2285;-0.0729
1715;10.0334;6.2048;-0.0815
1716;10.3102;6.1835;-0.0963
1717;10.5821;6.1627;-0.1081
1718;10.8429;6.1426;-0.0982
1719;11.0857;6.1215;-0.0135
1720;0.4420;7.9023;0.4134
1721;0.6952;7.8914;0.3993
1722;0.9537;7.8697;0.3881
1723;1.2188;7.8420;0.3739
1724;1.4884;7.8099;0.3556
1725;1.7593;7.7725;0.3402
1726;2.0311;7.7311;0.3249
1727;2.3042;7.6856;0.3112
1728;2.5761;7.6382;0.2956
1729;2.8473;7.5875;0.2818
1730;3.1191;7.5318;0.2677
1731;3.3890;7.4733;0.2561
1732;3.6582;7.4086;0.2466
1733;3.9274;7.3325;0.2363
1734;4.1973;7.2570;0.2246
1735;4.4673;7.1784;0.2108
1736;4.7345;7.0939;0.1981
1737;4.9995;7.0079;0.1857
1738;5.2631;6.9205;0.1718
1739;5.5273;6.8368;0.1537
1740;5.7942;6.7550;0.1352
1741;6.0626;6.6768;0.1183
1742;6.3325;6.6016;0.1030
1743;6.6013;6.5241;0.0887
1744;6.8703;6.4526;0.0721
1745;7.1416;6.3898;0.0547
1746;7.4137;6.3346;0.0394
1747;7.6870;6.2832;0.0250
1748;7.9615;6.2335;0.0108
1749;8.2352;6.1819;-0.0028
1750;8.5096;6.1395;-0.0172
1751;8.7848;6.1019;-0.0305
1752;9.0612;6.0672;-0.0422
1753;9.3382;6.0344;-0.0558
1754;9.6150;6.0062;-0.0655
1755;9.8920;5.9816;-0.0745
1756;10.1685;5.9593;-0.0866
1757;10.4433;5.9380;-0.1036
1758;10.7094;5.9170;-0.1095
1759;10.9558;5.8987;-0.0665
1760;11.1762;5.8856;0.0483
1761;0.3404;7.6793;0.4191
1762;0.5744;7.6676;0.4052
1763;0.8228;7.6477;0.3927
1764;1.0826;7.6222;0.3800
1765;1.3506;7.5920;0.3649
1766;1.6215;7.5567;0.3481
1767;1.8930;7.5183;0.3340
1768;2.1659;7.4754;0.3187
1769;2.4390;7.4285;0.3032
1770;2.7106;7.3789;0.2885
1771;2.9820;7.3275;0.2741
1772;3.2529;7.2699;0.2614
1773;3.5230;7.2094;0.2499
1774;3.7917;7.1378;0.2387
1775;4.0608;7.0600;0.2272
1776;4.3310;6.9846;0.2145
1777;4.5989;6.9026;0.2033
1778;4.8649;6.8159;0.1926
1779;5.1297;6.7287;0.1825
1780;5.3935;6.6437;0.1666
1781;5.6590;6.5618;0.1483
1782;5.9256;6.4820;0.1320
1783;6.1935;6.4058;0.1143
1784;6.4615;6.3294;0.0987
1785;6.7293;6.2545;0.0823
1786;6.9985;6.1859;0.0649
1787;7.2700;6.1275;0.0480
1788;7.5429;6.0733;0.0327
1789;7.8166;6.0221;0.0180
1790;8.0911;5.9710;0.0038
1791;8.3662;5.9241;-0.0114
1792;8.6421;5.8844;-0.0226
1793;8.9182;5.8492;-0.0351
1794;9.1951;5.8154;-0.0487
1795;9.4721;5.7846;-0.0603
1796;9.7492;5.7581;-0.0667
1797;10.0252;5.7345;-0.0791
1798;10.3016;5.7132;-0.0933
1799;10.5742;5.6918;-0.1080
1800;10.8362;5.6718;-0.0944
1801;11.0789;5.6618;0.0042
1802;0.4386;7.4509;0.4137
1803;0.6889;7.4250;0.3999
1804;0.9456;7.4005;0.3882
1805;1.2107;7.3736;0.3754
1806;1.4816;7.3408;0.3588
1807;1.7535;7.3030;0.3424
1808;2.0259;7.2637;0.3280
1809;2.2986;7.2188;0.3113
1810;2.5709;7.1704;0.2958
1811;2.8424;7.1212;0.2816
1812;3.1131;7.0660;0.2677
1813;3.3841;7.0078;0.2561
1814;3.6543;6.9435;0.2420
1815;3.9232;6.8642;0.2307
1816;4.1920;6.7884;0.2196
1817;4.4607;6.7099;0.2074
1818;4.7260;6.6254;0.1970
1819;4.9905;6.5377;0.1880
1820;5.2548;6.4496;0.1748
1821;5.5194;6.3664;0.1582
1822;5.7857;6.2873;0.1424
1823;6.0529;6.2092;0.1248
1824;6.3199;6.1346;0.1093
1825;6.5867;6.0579;0.0942
1826;6.8553;5.9855;0.0768
1827;7.1255;5.9222;0.0582
1828;7.3973;5.8650;0.0412
1829;7.6713;5.8113;0.0258
1830;7.9455;5.7599;0.0104
1831;8.2203;5.7108;-0.0037
1832;8.4971;5.6680;-0.0175
1833;8.7733;5.6304;-0.0286
1834;9.0503;5.5971;-0.0413
1835;9.3267;5.5651;-0.0548
1836;9.6039;5.5349;-0.0621
1837;9.8795;5.5108;-0.0672
1838;10.1570;5.4880;-0.0849
1839;10.4323;5.4673;-0.1024
1840;10.6992;5.4461;-0.1102
1841;10.9443;5.4290;-0.0606
1843;0.3496;7.2394;0.4177
1844;0.5675;7.2021;0.4069
1845;0.8103;7.1758;0.3953
1846;1.0707;7.1533;0.3822
1847;1.3393;7.1239;0.3663
1848;1.6115;7.0883;0.3502
1849;1.8846;7.0495;0.3359
1850;2.1574;7.0092;0.3194
1851;2.4302;6.9608;0.3045
1852;2.7014;6.9121;0.2914
1853;2.9726;6.8611;0.2759
1854;3.2429;6.8044;0.2613
1855;3.5137;6.7437;0.2489
1856;3.7833;6.6716;0.2367
1857;4.0512;6.5929;0.2231
1858;4.3186;6.5172;0.2126
1859;4.5849;6.4353;0.2022
1860;4.8487;6.3490;0.1905
1861;5.1126;6.2608;0.1797
1862;5.3778;6.1747;0.1663
1863;5.6438;6.0927;0.1501
1864;5.9106;6.0144;0.1368
1865;6.1779;5.9376;0.1194
1866;6.4456;5.8625;0.1029
1867;6.7136;5.7875;0.0864
1868;6.9837;5.7187;0.0684
1869;7.2552;5.6580;0.0504
1870;7.5279;5.6019;0.0336
1871;7.8013;5.5488;0.0177
1872;8.0755;5.4986;0.0032
1873;8.3510;5.4535;-0.0101
1874;8.6277;5.4130;-0.0235
1875;8.9047;5.3782;-0.0345
1876;9.1820;5.3459;-0.0465
1877;9.4579;5.3150;-0.0599
1878;9.7348;5.2874;-0.0669
1879;10.0122;5.2637;-0.0760
1880;10.2893;5.2418;-0.0934
1881;10.5640;5.2203;-0.1091
1882;10.8327;5.1995;-0.0917
1883;11.0896;5.1852;0.0229
1884;0.3996;6.9948;0.4162
1885;0.6531;6.9507;0.4041
1886;0.9218;6.9317;0.3895
1887;1.1931;6.9060;0.3744
1888;1.4661;6.8726;0.3593
1889;1.7396;6.8354;0.3446
1890;2.0130;6.7964;0.3299
1891;2.2853;6.7527;0.3158
1892;2.5577;6.7027;0.2991
1893;2.8295;6.6524;0.2847
1894;3.0996;6.5988;0.2712
1895;3.3706;6.5404;0.2568
1896;3.6408;6.4762;0.2448
1897;3.9089;6.3994;0.2319
1898;4.1767;6.3235;0.2182
1899;4.4430;6.2451;0.2081
1900;4.7071;6.1605;0.1958
1901;4.9713;6.0736;0.1847
1902;5.2362;5.9840;0.1732
1903;5.5016;5.8988;0.1575
1904;5.7685;5.8193;0.1429
1905;6.0354;5.7403;0.1292
1906;6.3037;5.6657;0.1109
1907;6.5725;5.5909;0.0951
1908;6.8416;5.5175;0.0777
1909;7.1126;5.4532;0.0613
1910;7.3853;5.3941;0.0429
1911;7.6581;5.3386;0.0259
1912;7.9312;5.2872;0.0109
1913;8.2060;5.2405;-0.0018
1914;8.4820;5.1973;-0.0158
1915;8.7590;5.1601;-0.0278
1916;9.0365;5.1280;-0.0403
1917;9.3135;5.0954;-0.0541
1918;9.5906;5.0656;-0.0651
1919;9.8677;5.0402;-0.0735
1920;10.1445;5.0182;-0.0856
1921;10.4203;4.9956;-0.1034
1922;10.6915;4.9745;-0.1059
1923;10.9440;4.9550;-0.0543
1924;11.1537;4.9352;0.0723
1925;0.4621;6.7374;0.4128
1926;0.7622;6.7143;0.3977
1927;1.0440;6.6888;0.3814
1928;1.3203;6.6581;0.3680
1929;1.5948;6.6214;0.3536
1930;1.8688;6.5825;0.3381
1931;2.1421;6.5431;0.3232
1932;2.4148;6.4959;0.3074
1933;2.6869;6.4435;0.2933
1934;2.9580;6.3921;0.2803
1935;3.2285;6.3357;0.2658
1936;3.4986;6.2750;0.2540
1937;3.7677;6.2068;0.2417
1938;4.0365;6.1289;0.2279
1939;4.3031;6.0535;0.2165
1940;4.5676;5.9729;0.2051
1941;4.8319;5.8869;0.1908
1942;5.0966;5.7970;0.1807
1943;5.3620;5.7076;0.1671
1944;5.6283;5.6244;0.1499
1945;5.8947;5.5454;0.1334
1946;6.1634;5.4676;0.1162
1947;6.4321;5.3950;0.1011
1948;6.7030;5.3186;0.0841
1949;6.9728;5.2501;0.0670
1950;7.2461;5.1879;0.0514
1951;7.5191;5.1293;0.0347
1952;7.7917;5.0757;0.0186
1953;8.0648;5.0286;0.0037
1954;8.3397;4.9834;-0.0097
1955;8.6164;4.9429;-0.0232
1956;8.8930;4.9089;-0.0361
1957;9.1705;4.8773;-0.0491
1958;9.4476;4.8457;-0.0623
1959;9.7244;4.8180;-0.0709
1960;10.0012;4.7937;-0.0803
1961;10.2791;4.7711;-0.0945
1962;10.5552;4.7492;-0.1062
1963;10.8251;4.7280;-0.0843
1964;11.0867;4.6997;0.0170
1965;0.3869;6.4934;0.4175
1966;0.6349;6.4957;0.4071
1967;0.9056;6.4710;0.3918
1968;1.1794;6.4429;0.3771
1969;1.4536;6.4078;0.3628
1970;1.7279;6.3692;0.3477
1971;2.0025;6.3307;0.3320
1972;2.2758;6.2878;0.3182
1973;2.5486;6.2377;0.3038
1974;2.8211;6.1851;0.2907
1975;3.0937;6.1304;0.2771
1976;3.3652;6.0704;0.2639
1977;3.6348;6.0072;0.2514
1978;3.9047;5.9330;0.2396
1979;4.1715;5.8568;0.2275
1980;4.4365;5.7821;0.2156
1981;4.7011;5.6987;0.2029
1982;4.9657;5.6110;0.1910
1983;5.2304;5.5183;0.1763
1984;5.4961;5.4299;0.1571
1985;5.7619;5.3509;0.1367
1986;6.0301;5.2727;0.1197
1987;6.2979;5.1971;0.1044
1988;6.5670;5.1234;0.0873
1989;6.8378;5.0479;0.0725
1990;7.1085;4.9830;0.0566
1991;7.3815;4.9214;0.0411
1992;7.6543;4.8652;0.0284
1993;7.9272;4.8164;0.0120
1994;8.2011;4.7714;-0.0026
1995;8.4760;4.7277;-0.0166
1996;8.7517;4.6910;-0.0279
1997;9.0289;4.6581;-0.0421
1998;9.3060;4.6272;-0.0571
1999;9.5827;4.5968;-0.0661
2000;9.8595;4.5702;-0.0754
2001;10.1364;4.5467;-0.0876
2002;10.4127;4.5248;-0.1017
2003;10.6824;4.5029;-0.1036
2004;10.9321;4.4809;-0.0514
2005;11.1445;4.4428;0.0619
2006;0.4799;6.2688;0.4143
2007;0.7619;6.2518;0.4009
2008;1.0386;6.2255;0.3862
2009;1.3138;6.1937;0.3723
2010;1.5879;6.1556;0.3571
2011;1.8622;6.1172;0.3426
2012;2.1366;6.0772;0.3287
2013;2.4096;6.0307;0.3152
2014;2.6823;5.9776;0.3011
2015;2.9545;5.9240;0.2886
2016;3.2261;5.8658;0.2753
2017;3.4967;5.8043;0.2616
2018;3.7659;5.7355;0.2491
2019;4.0348;5.6590;0.2355
2020;4.3022;5.5836;0.2239
2021;4.5681;5.5063;0.2138
2022;4.8336;5.4225;0.1982
2023;5.0976;5.3325;0.1844
2024;5.3614;5.2395;0.1657
2025;5.6265;5.1569;0.1451
2026;5.8922;5.0793;0.1264
2027;6.1585;5.0017;0.1082
2028;6.4256;4.9294;0.0917
2029;6.6935;4.8520;0.0759
2030;6.9630;4.7807;0.0617
2031;7.2355;4.7177;0.0479
2032;7.5084;4.6585;0.0347
2033;7.7825;4.6052;0.0197
2034;8.0564;4.5591;0.0059
2035;8.3316;4.5150;-0.0077
2036;8.6074;4.4743;-0.0212
2037;8.8838;4.4393;-0.0340
2038;9.1609;4.4083;-0.0479
2039;9.4375;4.3775;-0.0586
2040;9.7145;4.3483;-0.0678
2041;9.9915;4.3230;-0.0786
2042;10.2692;4.2996;-0.0928
2043;10.5452;4.2776;-0.1098
2044;10.8125;4.2551;-0.0862
2045;11.0658;4.2284;0.0114
2046;0.3590;6.0532;0.4227
2047;0.6264;6.0313;0.4102
2048;0.8978;6.0066;0.3956
2049;1.1714;5.9778;0.3822
2050;1.4453;5.9427;0.3677
2051;1.7192;5.9037;0.3531
2052;1.9931;5.8647;0.3394
2053;2.2659;5.8205;0.3275
2054;2.5384;5.7705;0.3133
2055;2.8101;5.7173;0.3006
2056;3.0817;5.6612;0.2852
2057;3.3527;5.6003;0.2719
2058;3.6233;5.5346;0.2575
2059;3.8929;5.4617;0.2448
2060;4.1618;5.3858;0.2315
2061;4.4273;5.3088;0.2203
2062;4.6935;5.2277;0.2057
2063;4.9584;5.1459;0.1914
2064;5.2211;5.0529;0.1749
2065;5.4852;4.9641;0.1543
2066;5.7502;4.8841;0.1351
2067;6.0160;4.8072;0.1167
2068;6.2827;4.7316;0.0976
2069;6.5509;4.6592;0.0826
2070;6.8188;4.5812;0.0664
2071;7.0897;4.5152;0.0525
2072;7.3624;4.4536;0.0428
2073;7.6367;4.3971;0.0286
2074;7.9107;4.3469;0.0134
2075;8.1860;4.3020;-0.0005
2076;8.4607;4.2589;-0.0122
2077;8.7372;4.2217;-0.0261
2078;9.0143;4.1889;-0.0395
2079;9.2910;4.1582;-0.0506
2080;9.5673;4.1279;-0.0604
2081;9.8443;4.1007;-0.0677
2082;10.1221;4.0759;-0.0821
2083;10.3995;4.0530;-0.1006
2084;10.6720;4.0308;-0.1037
2085;10.9283;4.0093;-0.0451
2086;11.1652;3.9890;0.0805
2087;0.4737;5.8183;0.4196
2088;0.7529;5.7875;0.4050
2089;1.0280;5.7602;0.3886
2090;1.3021;5.7276;0.3759
2091;1.5754;5.6903;0.3641
2092;1.8488;5.6519;0.3501
2093;2.1221;5.6107;0.3375
2094;2.3947;5.5625;0.3226
2095;2.6663;5.5098;0.3096
2096;2.9383;5.4561;0.2946
2097;3.2093;5.3966;0.2794
2098;3.4790;5.3339;0.2649
2099;3.7481;5.2632;0.2504
2100;4.0166;5.1891;0.2364
2101;4.2846;5.1131;0.2244
2102;4.5515;5.0332;0.2120
2103;4.8184;4.9531;0.1976
2104;5.0825;4.8661;0.1813
2105;5.3458;4.7729;0.1639
2106;5.6107;4.6887;0.1439
2107;5.8767;4.6129;0.1264
2108;6.1432;4.5355;0.1079
2109;6.4112;4.4621;0.0916
2110;6.6796;4.3867;0.0758
2111;6.9481;4.3135;0.0611
2112;7.2191;4.2495;0.0464
2113;7.4915;4.1910;0.0348
2114;7.7658;4.1373;0.0212
2115;8.0410;4.0896;0.0067
2116;8.3164;4.0447;-0.0059
2117;8.5921;4.0045;-0.0180
2118;8.8693;3.9696;-0.0312
2119;9.1456;3.9388;-0.0418
2120;9.4228;3.9078;-0.0532
2121;9.6984;3.8788;-0.0553
2122;9.9761;3.8525;-0.0685
2123;10.2548;3.8289;-0.0908
2124;10.5322;3.8055;-0.1072
2125;10.8015;3.7839;-0.0815
2126;11.0593;3.7695;0.0256
2127;0.3788;5.6079;0.4222
2128;0.6212;5.5670;0.4130
2129;0.8870;5.5409;0.3968
2130;1.1589;5.5120;0.3834
2131;1.4319;5.4764;0.3711
2132;1.7045;5.4380;0.3582
2133;1.9779;5.3984;0.3454
2134;2.2507;5.3543;0.3320
2135;2.5231;5.3027;0.3173
2136;2.7945;5.2489;0.3043
2137;3.0655;5.1930;0.2887
2138;3.3357;5.1315;0.2736
2139;3.6051;5.0654;0.2585
2140;3.8726;4.9931;0.2438
2141;4.1410;4.9176;0.2291
2142;4.4090;4.8395;0.2155
2143;4.6759;4.7590;0.2005
2144;4.9421;4.6781;0.1866
2145;5.2057;4.5856;0.1710
2146;5.4696;4.4974;0.1537
2147;5.7361;4.4165;0.1363
2148;6.0020;4.3387;0.1198
2149;6.2703;4.2622;0.1011
2150;6.5382;4.1918;0.0872
2151;6.8069;4.1148;0.0712
2152;7.0762;4.0458;0.0556
2153;7.3475;3.9852;0.0419
2154;7.6212;3.9292;0.0280
2155;7.8960;3.8782;0.0146
2156;8.1713;3.8315;0.0022
2157;8.4468;3.7884;-0.0123
2158;8.7229;3.7511;-0.0215
2159;9.0002;3.7187;-0.0349
2160;9.2771;3.6879;-0.0482
2161;9.5536;3.6576;-0.0548
2162;9.8306;3.6301;-0.0643
2163;10.1091;3.6049;-0.0814
2164;10.3881;3.5809;-0.1001
2165;10.6605;3.5585;-0.0995
2166;10.9170;3.5392;-0.0417
2168;0.4446;5.3540;0.4200
2169;0.7330;5.3221;0.4039
2170;1.0116;5.2952;0.3899
2171;1.2862;5.2628;0.3785
2172;1.5598;5.2245;0.3651
2173;1.8335;5.1850;0.3538
2174;2.1063;5.1443;0.3418
2175;2.3791;5.0962;0.3271
2176;2.6510;5.0423;0.3133
2177;2.9230;4.9877;0.2986
2178;3.1951;4.9287;0.2823
2179;3.4636;4.8654;0.2678
2180;3.7303;4.7966;0.2536
2181;3.9981;4.7238;0.2394
2182;4.2660;4.6478;0.2236
2183;4.5332;4.5671;0.2091
2184;4.8001;4.4867;0.1936
2185;5.0659;4.4013;0.1813
2186;5.3310;4.3090;0.1659
2187;5.5975;4.2250;0.1480
2188;5.8646;4.1448;0.1317
2189;6.1322;4.0656;0.1145
2190;6.3999;3.9919;0.0993
2191;6.6683;3.9177;0.0822
2192;6.9367;3.8447;0.0670
2193;7.2072;3.7801;0.0521
2194;7.4808;3.7224;0.0361
2195;7.7536;3.6685;0.0221
2196;8.0285;3.6189;0.0082
2197;8.3040;3.5733;-0.0054
2198;8.5800;3.5333;-0.0179
2199;8.8567;3.4990;-0.0297
2200;9.1339;3.4670;-0.0436
2201;9.4111;3.4369;-0.0557
2202;9.6879;3.4082;-0.0651
2203;9.9660;3.3816;-0.0768
2204;10.2457;3.3570;-0.0932
2205;10.5247;3.3341;-0.1061
2206;10.7999;3.3133;-0.0759
2207;11.0732;3.2977;0.0429
2208;0.3598;5.1154;0.4255
2209;0.6027;5.0998;0.4120
2210;0.8718;5.0770;0.3986
2211;1.1454;5.0476;0.3861
2212;1.4186;5.0113;0.3740
2213;1.6925;4.9718;0.3626
2214;1.9659;4.9315;0.3481
2215;2.2389;4.8877;0.3339
2216;2.5116;4.8354;0.3211
2217;2.7848;4.7812;0.3055
2218;3.0580;4.7241;0.2894
2219;3.3288;4.6623;0.2754
2220;3.5970;4.5969;0.2623
2221;3.8637;4.5274;0.2485
2222;4.1314;4.4542;0.2337
2223;4.3985;4.3757;0.2182
2224;4.6673;4.2942;0.2023
2225;4.9352;4.2130;0.1886
2226;5.1997;4.1245;0.1779
2227;5.4644;4.0348;0.1619
2228;5.7323;3.9521;0.1459
2229;5.9991;3.8726;0.1304
2230;6.2663;3.7942;0.1141
2231;6.5352;3.7189;0.0957
2232;6.8040;3.6432;0.0782
2233;7.0747;3.5751;0.0623
2234;7.3458;3.5154;0.0493
2235;7.6165;3.4600;0.0323
2236;7.8912;3.4069;0.0175
2237;8.1652;3.3596;0.0031
2238;8.4407;3.3168;-0.0117
2239;8.7160;3.2800;-0.0247
2240;8.9927;3.2476;-0.0375
2241;9.2697;3.2165;-0.0504
2242;9.5469;3.1861;-0.0625
2243;9.8241;3.1583;-0.0736
2244;10.1022;3.1333;-0.0856
2245;10.3809;3.1102;-0.1000
2246;10.6556;3.0889;-0.0986
2247;10.9148;3.0727;-0.0345
2249;0.4395;4.8686;0.4239
2250;0.7264;4.8575;0.4072
2251;1.0035;4.8313;0.3948
2252;1.2787;4.7976;0.3836
2253;1.5531;4.7588;0.3715
2254;1.8266;4.7185;0.3571
2255;2.0992;4.6772;0.3418
2256;2.3721;4.6300;0.3290
2257;2.6441;4.5727;0.3133
2258;2.9175;4.5190;0.2973
2259;3.1916;4.4602;0.2825
2260;3.4618;4.3960;0.2687
2261;3.7306;4.3286;0.2562
2262;3.9964;4.2589;0.2431
2263;4.2648;4.1828;0.2280
2264;4.5315;4.1045;0.2126
2265;4.7992;4.0229;0.1985
2266;5.0629;3.9391;0.1868
2267;5.3265;3.8485;0.1749
2268;5.5912;3.7606;0.1600
2269;5.8574;3.6796;0.1454
2270;6.1237;3.5996;0.1277
2271;6.3909;3.5220;0.1106
2272;6.6605;3.4443;0.0911
2273;6.9318;3.3723;0.0739
2274;7.2034;3.3079;0.0585
2275;7.4755;3.2514;0.0420
2276;7.7486;3.1976;0.0272
2277;8.0231;3.1470;0.0118
2278;8.2985;3.1016;-0.0039
2279;8.5728;3.0625;-0.0181
2280;8.8486;3.0284;-0.0302
2281;9.1260;2.9972;-0.0442
2282;9.4028;2.9660;-0.0568
2283;9.6802;2.9363;-0.0677
2284;9.9584;2.9102;-0.0799
2285;10.2371;2.8860;-0.0935
2286;10.5162;2.8635;-0.1050
2287;10.7881;2.8446;-0.0710
2288;11.0498;2.8277;0.0489
2289;0.3681;4.6233;0.4313
2290;0.6071;4.6311;0.4174
2291;0.8685;4.6123;0.4044
2292;1.1390;4.5825;0.3927
2293;1.4120;4.5462;0.3810
2294;1.6848;4.5059;0.3656
2295;1.9579;4.4653;0.3508
2296;2.2314;4.4212;0.3359
2297;2.5043;4.3682;0.3197
2298;2.7776;4.3127;0.3049
2299;3.0512;4.2567;0.2898
2300;3.3233;4.1947;0.2768
2301;3.5929;4.1277;0.2636
2302;3.8613;4.0588;0.2501
2303;4.1291;3.9861;0.2352
2304;4.3963;3.9097;0.2227
2305;4.6623;3.8293;0.2106
2306;4.9272;3.7469;0.1984
2307;5.1901;3.6577;0.1864
2308;5.4520;3.5679;0.1733
2309;5.7166;3.4836;0.1564
2310;5.9829;3.4035;0.1398
2311;6.2503;3.3238;0.1219
2312;6.5186;3.2449;0.1040
2313;6.7885;3.1698;0.0846
2314;7.0604;3.1017;0.0680
2315;7.3325;3.0414;0.0510
2316;7.6059;2.9878;0.0363
2317;7.8794;2.9365;0.0212
2318;8.1543;2.8888;0.0045
2319;8.4292;2.8461;-0.0101
2320;8.7051;2.8092;-0.0237
2321;8.9803;2.7771;-0.0372
2322;9.2585;2.7454;-0.0503
2323;9.5353;2.7154;-0.0609
2324;9.8129;2.6871;-0.0717
2325;10.0913;2.6623;-0.0848
2326;10.3707;2.6392;-0.0995
2327;10.6459;2.6192;-0.0949
2328;10.9089;2.6037;-0.0240
2330;0.4528;4.3995;0.4281
2331;0.7265;4.3897;0.4137
2332;0.9973;4.3644;0.4003
2333;1.2692;4.3326;0.3895
2334;1.5425;4.2937;0.3746
2335;1.8153;4.2523;0.3582
2336;2.0893;4.2107;0.3435
2337;2.3627;4.1637;0.3287
2338;2.6351;4.1065;0.3127
2339;2.9073;4.0529;0.2982
2340;3.1781;3.9942;0.2837
2341;3.4481;3.9300;0.2701
2342;3.7183;3.8608;0.2574
2343;3.9867;3.7904;0.2426
2344;4.2543;3.7165;0.2297
2345;4.5206;3.6377;0.2199
2346;4.7857;3.5558;0.2080
2347;5.0495;3.4700;0.1962
2348;5.3115;3.3781;0.1838
2349;5.5748;3.2902;0.1668
2350;5.8412;3.2085;0.1500
2351;6.1077;3.1273;0.1332
2352;6.3760;3.0473;0.1147
2353;6.6455;2.9693;0.0939
2354;6.9163;2.8979;0.0752
2355;7.1885;2.8339;0.0586
2356;7.4623;2.7771;0.0429
2357;7.7362;2.7266;0.0280
2358;8.0098;2.6772;0.0122
2359;8.2851;2.6313;-0.0033
2360;8.5603;2.5923;-0.0162
2361;8.8360;2.5576;-0.0300
2362;9.1129;2.5264;-0.0433
2363;9.3903;2.4952;-0.0544
2364;9.6671;2.4649;-0.0669
2365;9.9451;2.4389;-0.0792
2366;10.2236;2.4153;-0.0902
2367;10.5027;2.3942;-0.1034
2368;10.7763;2.3779;-0.0673
2369;11.0421;2.3721;0.0629
2370;0.3352;4.1789;0.4356
2371;0.5934;4.1662;0.4225
2372;0.8574;4.1457;0.4092
2373;1.1268;4.1164;0.3971
2374;1.3990;4.0802;0.3833
2375;1.6726;4.0391;0.3685
2376;1.9450;3.9984;0.3538
2377;2.2183;3.9541;0.3369
2378;2.4907;3.9019;0.3226
2379;2.7621;3.8469;0.3070
2380;3.0326;3.7916;0.2926
2381;3.3027;3.7317;0.2793
2382;3.5725;3.6656;0.2666
2383;3.8416;3.5957;0.2523
2384;4.1093;3.5236;0.2384
2385;4.3760;3.4479;0.2286
2386;4.6414;3.3676;0.2194
2387;4.9065;3.2836;0.2071
2388;5.1706;3.1928;0.1942
2389;5.4345;3.1000;0.1762
2390;5.7005;3.0148;0.1618
2391;5.9681;2.9333;0.1445
2392;6.2354;2.8514;0.1256
2393;6.5030;2.7720;0.1050
2394;6.7718;2.6967;0.0837
2395;7.0438;2.6292;0.0662
2396;7.3169;2.5689;0.0495
2397;7.5908;2.5165;0.0352
2398;7.8648;2.4671;0.0214
2399;8.1388;2.4185;0.0054
2400;8.4146;2.3751;-0.0103
2401;8.6903;2.3388;-0.0229
2402;8.9666;2.3061;-0.0363
2403;9.2436;2.2748;-0.0489
2404;9.5209;2.2440;-0.0612
2405;9.7981;2.2160;-0.0720
2406;10.0762;2.1913;-0.0861
2407;10.3544;2.1693;-0.0984
2408;10.6274;2.1513;-0.0929
2409;10.8833;2.1430;-0.0220
2410;11.1145;2.1423;0.1227
2411;0.4427;3.9484;0.4321
2412;0.7141;3.9255;0.4192
2413;0.9833;3.9005;0.4045
2414;1.2548;3.8667;0.3914
2415;1.5274;3.8272;0.3779
2416;1.8004;3.7853;0.3617
2417;2.0730;3.7429;0.3476
2418;2.3452;3.6965;0.3332
2419;2.6167;3.6417;0.3173
2420;2.8872;3.5882;0.3052
2421;3.1582;3.5308;0.2913
2422;3.4272;3.4690;0.2773
2423;3.6976;3.4005;0.2660
2424;3.9656;3.3291;0.2535
2425;4.2338;3.2550;0.2380
2426;4.4999;3.1774;0.2286
2427;4.7659;3.0956;0.2172
2428;5.0308;3.0093;0.2043
2429;5.2950;2.9124;0.1878
2430;5.5601;2.8225;0.1707
2431;5.8278;2.7403;0.1551
2432;6.0949;2.6580;0.1381
2433;6.3622;2.5766;0.1172
2434;6.6295;2.4981;0.0956
2435;6.8995;2.4283;0.0761
2436;7.1720;2.3632;0.0585
2437;7.4459;2.3068;0.0424
2438;7.7199;2.2577;0.0285
2439;7.9940;2.2085;0.0127
2440;8.2699;2.1615;-0.0024
2441;8.5459;2.1213;-0.0163
2442;8.8219;2.0864;-0.0288
2443;9.0990;2.0542;-0.0439
2444;9.3766;2.0233;-0.0576
2445;9.6536;1.9940;-0.0673
2446;9.9307;1.9676;-0.0795
2447;10.2083;1.9441;-0.0918
2448;10.4833;1.9229;-0.1031
2449;10.7427;1.9067;-0.0762
2450;10.9738;1.8986;0.0130
2451;11.1575;1.8906;0.1633
2452;0.3517;3.7327;0.4380
2453;0.5869;3.7017;0.4270
2454;0.8462;3.6806;0.4119
2455;1.1143;3.6523;0.3996
2456;1.3853;3.6151;0.3848
2457;1.6580;3.5733;0.3714
2458;1.9303;3.5305;0.3570
2459;2.2028;3.4864;0.3429
2460;2.4746;3.4360;0.3304
2461;2.7466;3.3834;0.3232
2462;3.0165;3.3273;0.3110
2463;3.2856;3.2692;0.2911
2464;3.5556;3.2055;0.2796
2465;3.8256;3.1335;0.2691
2466;4.0940;3.0634;0.2537
2467;4.3623;2.9897;0.2409
2468;4.6296;2.9080;0.2273
2469;4.8966;2.8277;0.2117
2470;5.1599;2.7325;0.1988
2471;5.4268;2.6303;0.1804
2472;5.6947;2.5457;0.1655
2473;5.9607;2.4630;0.1484
2474;6.2296;2.3800;0.1296
2475;6.4960;2.3001;0.1082
2476;6.7644;2.2259;0.0870
2477;7.0338;2.1607;0.0693
2478;7.3064;2.0990;0.0505
2479;7.5802;2.0471;0.0335
2480;7.8538;1.9978;0.0190
2481;8.1285;1.9494;0.0043
2482;8.4035;1.9051;-0.0104
2483;8.6791;1.8680;-0.0231
2484;8.9556;1.8341;-0.0366
2485;9.2330;1.8027;-0.0522
2486;9.5103;1.7720;-0.0633
2487;9.7870;1.7448;-0.0705
2488;10.0641;1.7197;-0.0842
2489;10.3416;1.6968;-0.0998
2490;10.6117;1.6763;-0.0978
2491;10.8655;1.6601;-0.0283
2492;11.1032;1.6477;0.1134
2493;0.4169;3.4852;0.4388
2494;0.6976;3.4602;0.4219
2495;0.9714;3.4369;0.4080
2496;1.2434;3.4031;0.3939
2497;1.5155;3.3624;0.3821
2498;1.7880;3.3194;0.3684
2499;2.0606;3.2755;0.3535
2500;2.3324;3.2281;0.3423
2501;2.6032;3.1743;0.3361
2502;2.8771;3.1205;0.3205
2503;3.1483;3.0643;0.3028
2504;3.4182;3.0066;0.2904
2505;3.6873;2.9397;0.2818
2506;3.9556;2.8667;0.2709
2507;4.2215;2.8057;0.2554
2508;4.4929;2.7259;0.2407
2509;4.7583;2.6440;0.2255
2510;5.0213;2.5644;0.2076
2511;5.2877;2.4519;0.1897
2512;5.5543;2.3517;0.1729
2513;5.8212;2.2691;0.1572
2514;6.0911;2.1875;0.1391
2515;6.3558;2.1041;0.1202
2516;6.6230;2.0263;0.0984
2517;6.8920;1.9588;0.0801
2518;7.1619;1.8963;0.0627
2519;7.4369;1.8375;0.0438
2520;7.7093;1.7878;0.0283
2521;7.9830;1.7391;0.0130
2522;8.2572;1.6921;-0.0003
2523;8.5328;1.6514;-0.0148
2524;8.8088;1.6158;-0.0275
2525;9.0861;1.5826;-0.0427
2526;9.3638;1.5517;-0.0571
2527;9.6409;1.5220;-0.0661
2528;9.9181;1.4962;-0.0767
2529;10.1957;1.4723;-0.0881
2530;10.4700;1.4500;-0.0988
2531;10.7302;1.4306;-0.0684
2532;10.9640;1.4151;0.0293
2533;11.1612;1.3937;0.1612
2534;0.3398;3.2482;0.4437
2535;0.5702;3.2368;0.4363
2536;0.8331;3.2174;0.4166
2537;1.1017;3.1899;0.4033
2538;1.3720;3.1518;0.3913
2539;1.6436;3.1085;0.3787
2540;1.9157;3.0641;0.3650
2541;2.1887;3.0186;0.3507
2542;2.4603;2.9680;0.3442
2543;2.7331;2.9132;0.3300
2544;3.0058;2.8592;0.3136
2545;3.2768;2.8019;0.3027
2546;3.5440;2.7450;0.2927
2547;3.8102;2.6755;0.2855
2548;4.0776;2.6056;0.2725
2549;4.3349;2.5625;0.2570
2550;4.6172;2.4639;0.2411
2551;4.8594;2.3863;0.2356
2552;5.1377;2.3031;0.2077
2553;5.4081;2.1705;0.1802
2554;5.6723;2.0722;0.1639
2555;5.9496;1.9972;0.1467
2556;6.2103;1.9068;0.1302
2557;6.4790;1.8297;0.1111
2558;6.7474;1.7566;0.0915
2559;7.0170;1.6919;0.0738
2560;7.2885;1.6308;0.0573
2561;7.5618;1.5795;0.0396
2562;7.8355;1.5291;0.0238
2563;8.1097;1.4806;0.0080
2564;8.3838;1.4365;-0.0055
2565;8.6595;1.3988;-0.0170
2566;8.9369;1.3633;-0.0343
2567;9.2146;1.3316;-0.0479
2568;9.4926;1.3012;-0.0596
2569;9.7701;1.2731;-0.0695
2570;10.0476;1.2485;-0.0787
2571;10.3259;1.2245;-0.0977
2572;10.5968;1.2032;-0.0921
2573;10.8524;1.1836;-0.0269
2574;11.0941;1.1590;0.1161
2575;0.4078;3.0024;0.4388
2576;0.6816;2.9966;0.4273
2577;0.9570;2.9739;0.4144
2578;1.2282;2.9404;0.4019
2579;1.4988;2.8979;0.3885
2580;1.7700;2.8530;0.3760
2581;2.0424;2.8079;0.3622
2582;2.3147;2.7603;0.3490
2583;2.5861;2.7081;0.3384
2584;2.8572;2.6537;0.3276
2585;3.1286;2.5989;0.3150
2586;3.3982;2.5416;0.3046
2587;3.6588;2.4874;0.2946
2588;3.9241;2.4219;0.2849
2589;4.2021;2.3420;0.2730
2590;4.4435;2.3561;0.2567
2591;5.8149;1.8142;0.1524
2592;6.0585;1.7056;0.1371
2593;6.3314;1.6360;0.1190
2594;6.5993;1.5581;0.1027
2595;6.8634;1.4890;0.0844
2596;7.1353;1.4292;0.0686
2597;7.4083;1.3730;0.0528
2598;7.6823;1.3216;0.0356
2599;7.9570;1.2714;0.0192
2600;8.2322;1.2246;0.0030
2601;8.5072;1.1838;-0.0094
2602;8.7844;1.1484;-0.0142
2603;9.0634;1.1124;-0.0366
2604;9.3409;1.0821;-0.0528
2605;9.6194;1.0523;-0.0632
2606;9.8979;1.0258;-0.0734
2607;10.1768;1.0003;-0.0903
2608;10.4522;0.9776;-0.1001
2609;10.7130;0.9574;-0.0689
2610;10.9473;0.9368;0.0119
2612;0.3345;2.7562;0.4473
2613;0.5640;2.7680;0.4374
2614;0.8193;2.7538;0.4249
2615;1.0857;2.7270;0.4154
2616;1.3548;2.6881;0.4014
2617;1.6248;2.6426;0.3874
2618;1.8959;2.5972;0.3737
2619;2.1672;2.5513;0.3608
2620;2.4382;2.5011;0.3481
2621;2.7090;2.4478;0.3377
2622;2.9793;2.3940;0.3268
2623;3.2494;2.3383;0.3161
2624;3.5149;2.2760;0.3072
2625;3.7530;2.2398;0.2987
2626;4.0066;2.1842;0.2921
2627;6.1869;1.4452;0.1303
2628;6.4640;1.3601;0.1119
2629;6.7142;1.2743;0.0959
2630;6.9814;1.2238;0.0802
2631;7.2583;1.1647;0.0637
2632;7.5229;1.1157;0.0484
2633;7.8106;1.0604;0.0295
2634;8.0835;1.0128;0.0136
2635;8.3607;0.9683;-0.0018
2636;8.6405;0.9262;-0.0134
2637;8.9182;0.8937;-0.0315
2638;9.1955;0.8607;-0.0448
2639;9.4748;0.8318;-0.0575
2640;9.7535;0.8034;-0.0690
2641;10.0335;0.7771;-0.0816
2642;10.3110;0.7530;-0.0968
2643;10.5816;0.7303;-0.0889
2644;10.8365;0.7094;-0.0262
2645;11.0737;0.6849;0.1180
2646;0.4116;2.5337;0.4476
2647;0.6765;2.5291;0.4362
2648;0.9421;2.5096;0.4263
2649;1.2114;2.4765;0.4147
2650;1.4809;2.4336;0.4009
2651;1.7517;2.3871;0.3839
2652;2.0224;2.3413;0.3714
2653;2.2935;2.2939;0.3592
2654;2.5634;2.2424;0.3478
2655;2.8316;2.1880;0.3364
2656;3.0972;2.1389;0.3272
2657;3.3657;2.0795;0.3191
2658;3.6282;1.9886;0.3133
2659;3.8447;2.0217;0.3030
2660;6.3620;1.1791;0.1181
2661;6.5752;1.0346;0.0991
2662;6.8589;1.0107;0.0831
2663;7.1390;0.9594;0.0660
2664;7.4105;0.8995;0.0492
2665;7.6830;0.8482;0.0340
2666;7.9597;0.7966;0.0193
2667;8.2351;0.7502;0.0039
2668;8.5110;0.7094;-0.0102
2669;8.7876;0.6716;-0.0256
2670;9.0642;0.6378;-0.0378
2671;9.3415;0.6078;-0.0502
2672;9.6183;0.5797;-0.0624
2673;9.8956;0.5526;-0.0746
2674;10.1730;0.5279;-0.0882
2675;10.4474;0.5050;-0.0976
2676;10.7077;0.4841;-0.0615
2677;10.9483;0.4668;0.0319
2679;0.2997;2.3063;0.4562
2680;0.5474;2.3030;0.4456
2681;0.8057;2.2879;0.4351
2682;1.0712;2.2624;0.4231
2683;1.3417;2.2227;0.4103
2684;1.6128;2.1771;0.3961
2685;1.8837;2.1302;0.3807
2686;2.1545;2.0851;0.3707
2687;2.4239;2.0370;0.3595
2688;2.6928;1.9825;0.3489
2689;2.9564;1.9292;0.3401
2690;3.2073;1.8876;0.3307
2691;3.4537;1.8120;0.3244
2692;6.7395;0.7785;0.0869
2693;7.0041;0.7609;0.0739
2694;7.2756;0.6999;0.0581
2695;7.5441;0.6397;0.0407
2696;7.8159;0.5880;0.0267
2697;8.0896;0.5384;0.0127
2698;8.3655;0.4940;-0.0040
2699;8.6421;0.4547;-0.0179
2700;8.9193;0.4189;-0.0305
2701;9.1964;0.3874;-0.0414
2702;9.4739;0.3590;-0.0537
2703;9.7511;0.3307;-0.0671
2704;10.0289;0.3043;-0.0792
2705;10.3061;0.2803;-0.0947
2706;10.5761;0.2581;-0.0885
2707;10.8309;0.2383;-0.0196
2708;11.0716;0.2282;0.1197
2709;0.4051;2.0841;0.4540
2710;0.6671;2.0644;0.4442
2711;0.9321;2.0445;0.4329
2712;1.2010;2.0122;0.4194
2713;1.4720;1.9681;0.4071
2714;1.7437;1.9197;0.3929
2715;2.0155;1.8742;0.3809
2716;2.2844;1.8293;0.3702
2717;2.5528;1.7814;0.3572
2718;2.8207;1.7252;0.3481
2719;3.0777;1.6633;0.3413
2720;3.2830;1.6351;0.3361
2721;6.9017;0.5359;0.0786
2722;7.1534;0.5010;0.0652
2723;7.4127;0.4330;0.0494
2724;7.6786;0.3808;0.0337
2725;7.9485;0.3281;0.0200
2726;8.2205;0.2789;0.0055
2727;8.4965;0.2381;-0.0101
2728;8.7741;0.2017;-0.0212
2729;9.0520;0.1677;-0.0350
2730;9.3294;0.1376;-0.0470
2731;9.6067;0.1096;-0.0601
2732;9.8846;0.0817;-0.0731
2733;10.1622;0.0569;-0.0864
2734;10.4371;0.0338;-0.0972
2735;10.6990;0.0121;-0.0579
2736;10.9386;-0.0035;0.0377
2737;11.1403;-0.0023;0.1947
2738;0.3121;1.8772;0.4605
2739;0.5412;1.8392;0.4517
2740;0.7963;1.8215;0.4412
2741;1.0615;1.7978;0.4290
2742;1.3313;1.7586;0.4176
2743;1.6023;1.7108;0.4044
2744;1.8738;1.6635;0.3907
2745;2.1445;1.6172;0.3806
2746;2.4088;1.5780;0.3685
2747;2.6795;1.5342;0.3575
2748;2.9648;1.4713;0.3505
2749;7.0615;0.2891;0.0746
2750;7.2876;0.2224;0.0596
2751;7.5482;0.1774;0.0445
2752;7.8149;0.1212;0.0303
2753;8.0811;0.0651;0.0146
2754;8.3554;0.0224;-0.0005
2755;8.6317;-0.0166;-0.0124
2756;8.9096;-0.0513;-0.0284
2757;9.1868;-0.0838;-0.0408
2758;9.4635;-0.1124;-0.0556
2759;9.7406;-0.1407;-0.0668
2760;10.0184;-0.1667;-0.0792
2761;10.2957;-0.1904;-0.0943
2762;10.5677;-0.2125;-0.0830
2763;10.8308;-0.2338;-0.0106
2764;11.0828;-0.2475;0.1393
2765;0.3757;1.6224;0.4609
2766;0.6505;1.5996;0.4486
2767;0.9201;1.5797;0.4385
2768;1.1901;1.5483;0.4279
2769;1.4605;1.5026;0.4151
2770;1.7312;1.4547;0.4003
2771;2.0033;1.4082;0.3869
2772;2.2731;1.3555;0.3824
2773;2.5228;1.3393;0.3653
2774;2.7964;1.3075;0.3568
2775;7.3935;-0.0054;0.0539
2776;7.6806;-0.0746;0.0375
2777;7.9365;-0.1511;0.0233
2778;8.2108;-0.1930;0.0078
2779;8.4868;-0.2320;-0.0053
2780;8.7637;-0.2691;-0.0213
2781;9.0408;-0.3025;-0.0333
2782;9.3183;-0.3337;-0.0484
2783;9.5956;-0.3625;-0.0614
2784;9.8734;-0.3898;-0.0732
2785;10.1509;-0.4147;-0.0852
2786;10.4262;-0.4374;-0.0928
2787;10.6906;-0.4575;-0.0504
2788;10.9391;-0.4786;0.0408
2790;0.3092;1.3832;0.4638
2791;0.5308;1.3747;0.4557
2792;0.7852;1.3585;0.4454
2793;1.0497;1.3348;0.4358
2794;1.3180;1.2955;0.4263
2795;1.5868;1.2487;0.4098
2796;1.8574;1.2049;0.3951
2797;2.1323;1.1547;0.3835
2798;2.4127;1.0795;0.3722
2799;2.6369;1.1392;0.3632
2800;7.5429;-0.2280;0.0471
2801;7.7680;-0.3709;0.0351
2802;8.0601;-0.4017;0.0163
2803;8.3428;-0.4430;0.0010
2804;8.6205;-0.4834;-0.0132
2805;8.8949;-0.5203;-0.0253
2806;9.1720;-0.5537;-0.0402
2807;9.4493;-0.5834;-0.0547
2808;9.7267;-0.6121;-0.0686
2809;10.0045;-0.6380;-0.0802
2810;10.2824;-0.6614;-0.0934
2811;10.5560;-0.6832;-0.0823
2812;10.8212;-0.7046;-0.0126
2813;11.0765;-0.7397;0.1446
2814;0.3750;1.1384;0.4640
2815;0.6435;1.1357;0.4543
2816;0.9089;1.1163;0.4425
2817;1.1759;1.0872;0.4320
2818;1.4420;1.0439;0.4203
2819;1.7048;1.0036;0.4054
2820;1.9698;0.9641;0.3918
2821;2.2322;0.8982;0.3828
2822;7.9365;-0.6190;0.0253
2823;8.2101;-0.6479;0.0083
2824;8.4845;-0.6918;-0.0071
2825;8.7552;-0.7354;-0.0222
2826;9.0287;-0.7709;-0.0325
2827;9.3050;-0.8025;-0.0495
2828;9.5821;-0.8335;-0.0626
2829;9.8589;-0.8602;-0.0741
2830;10.1361;-0.8846;-0.0857
2831;10.4116;-0.9070;-0.0927
2832;10.6789;-0.9247;-0.0547
2833;10.9244;-0.9494;0.0548
2835;0.3083;0.8934;0.4689
2836;0.5313;0.9114;0.4637
2837;0.7785;0.8954;0.4516
2838;1.0374;0.8750;0.4410
2839;1.3003;0.8426;0.4314
2840;1.5598;0.7959;0.4170
2841;1.8058;0.7706;0.4029
2842;2.0501;0.7251;0.3923
2843;8.1104;-0.8594;0.0188
2844;8.3706;-0.8901;0.0007
2845;8.6246;-0.9470;-0.0134
2846;8.8917;-0.9849;-0.0262
2847;9.1644;-1.0203;-0.0412
2848;9.4390;-1.0519;-0.0546
2849;9.7149;-1.0795;-0.0658
2850;9.9916;-1.1045;-0.0766
2851;10.2694;-1.1270;-0.0933
2852;10.5420;-1.1488;-0.0826
2853;10.8097;-1.1722;-0.0220
2854;11.0557;-1.2104;0.1291
2855;0.3955;0.6900;0.4749
2856;0.6468;0.6785;0.4712
2857;0.9045;0.6620;0.4660
2858;1.1621;0.6421;0.4588
2859;1.4247;0.5996;0.4357
2860;1.6754;0.5491;0.4172
2861;1.8815;0.5506;0.4053
2862;8.2786;-1.0874;0.0091
2863;8.4919;-1.1575;-0.0049
2864;8.7564;-1.1960;-0.0185
2865;9.0260;-1.2339;-0.0331
2866;9.2956;-1.2681;-0.0456
2867;9.5685;-1.2974;-0.0585
2868;9.8446;-1.3211;-0.0685
2869;10.1233;-1.3439;-0.0821
2870;10.3994;-1.3639;-0.0965
2871;10.6667;-1.3805;-0.0663
2872;10.9379;-1.4111;-0.0119
2874;0.3057;0.4909;0.4841
2875;0.5257;0.4550;0.4900
2876;0.7707;0.4423;0.4948
2877;1.0322;0.4223;0.4945
2878;1.2865;0.4019;0.4711
2879;1.5645;0.3598;0.4324
2880;8.5981;-1.3793;-0.0097
2881;8.8850;-1.4350;-0.0245
2882;9.1501;-1.4859;-0.0375
2883;9.4231;-1.5118;-0.0492
2884;9.6984;-1.5339;-0.0590
2885;9.9739;-1.5551;-0.0746
2886;10.2527;-1.5731;-0.0918
2887;10.5269;-1.5886;-0.0978
2888;10.8005;-1.6050;-0.0453
2890;0.3596;0.2406;0.4920
2891;0.6166;0.2103;0.4965
2892;0.8820;0.1987;0.4947
2893;1.1578;0.1594;0.4824
2894;1.3940;0.1762;0.4618
2895;8.7617;-1.6122;-0.0173
2896;9.0068;-1.7032;-0.0285
2897;9.2758;-1.7320;-0.0404
2898;9.5486;-1.7511;-0.0480
2899;9.8275;-1.7641;-0.0656
2900;10.1054;-1.7777;-0.0829
2901;10.3816;-1.7896;-0.0940
2902;10.6533;-1.7989;-0.0758
2903;10.9161;-1.8109;-0.0060
2905;0.2653;0.0103;0.4848
2906;0.4655;-0.0209;0.4798
2907;0.7135;-0.0201;0.4796
2908;0.9872;-0.0210;0.4725
